# rank
2
# size
140
32
# lbound
1
1
# entries
10.133420075254250
9.0211164630932075
12.168983423861404
8.5280270206034494
5.6020479220380217
1.8282691007493503
0.27626661948228132
0.15158359054484769
0.25382004615875687E-1
0.36508382422157817E-2
8.3016145842427278
7.7205826140129004
7.2388377110586148
6.5164736399620731
5.8837718694153827
5.0894753312110508
4.0531918948560746
3.0619422354439325
2.2753911016204320
0.32113794030270182
0.16687319235667805
0.27628602079431547E-1
7.4063927176194371
7.2454003382330434
6.8120580057567413
6.2238763433519146
5.4094683565028694
4.5693988576253419
3.7064102259874065
2.7637037451790185
1.8757367743016378
0.20266646871375918
0.16764491025334904
0.13132473196728681
0.95973255299509105E-1
0.61215415179775391E-1
0.23069838707196911E-1
0.32461588116729622E-2
3.7221252626741586
3.5618712895272933
3.3616847048240968
3.1209736376129542
2.8001587274181556
2.4151086560881443
1.9673739849117873
1.4787802663237948
0.99825689198490719
0.10857891825561493
0.89866089154275811E-1
0.70478533503990748E-1
0.52193332787649170E-1
0.47620034941940476E-1
5.1466471489016552
5.1877222062920616
5.0294781519091707
4.7733466603869177
4.4607373444074563
3.8955880008494903
3.2331151627109866
2.4469432729772338
1.6588064209232620
0.18176278210879093
0.15022603180186314
0.11867182548287276
0.86769803635739134E-1
0.56315625548085252E-1
0.21295325510652333E-1
0.29989437488470647E-2
11.160001134164608
10.824745152003930
8.6553515851539267
5.4842514585772131
1.7430897229283633
0.27507082824319207
0.14744749670273510
0.25177532685419876E-1
5.6386980710891139
4.9523883369402668
2.1072061341848967
1.8012712295361553
1.4592364737864685
1.0850881643157304
0.72428711280096902
0.78189573471644735E-1
0.64595405300950967E-1
0.50611247424745577E-1
0.61722589788048940E-1
0.10353444059211892E-1
4.4163623266660741
3.8748694743618310
2.9915267764926492
1.9754586321533565
0.64035497923258922
0.92236389485235132E-1
0.48084003424329079E-1
0.74726575478273327E-2
3.7968532907700618
3.1960986708968773
2.6435171263555253
2.2317922276629640
2.0739120057165148
1.8217300420567708
1.4848618594498737
1.1025842972548123
0.81837382674996362
0.11871728395866189
0.51895387701225419E-1
0.77469405785842178E-2
1.6769898725110177
1.3817217967150293
1.1099319941279768
0.72818958903615005
0.27047997846304506
0.20154266389809175E-1
1.4235166288563144
1.3477634324573446
2.7008890602839859
2.1827059986874304
1.5058896991748338
0.47467225848085931
0.95597219043816906E-1
0.18396736866335733E-1
0.32178542656148890
0.36349215101595328
0.43796554932066040
0.43081542050604171
0.69723995880745115
0.46128637846283349
0.16962193098209249
0.17133877762256233E-1
0.33834863483406313
0.25709349382213709
0.12784373958365133
0.63012757171673831E-2
0.29274440575040256
0.14753163701698203E-1
0.24135940920876456
0.21805032724084222E-1
0.13708196479066465
0.38740908965254214E-1
10.133420075254250
9.0211164630932075
12.168983423861404
8.5280270206034494
5.6020479220380217
1.8282691007493503
0.27626661948228132
0.15158359054484769
0.25382004615875687E-1
0.36508382422157817E-2
8.3016145842427278
7.7205826140129004
7.2388377110586148
6.5164736399620731
5.8837718694153827
5.0894753312110508
4.0531918948560746
3.0619422354439325
2.2753911016204320
0.32113794030270182
0.16687319235667805
0.27628602079431547E-1
7.4096877424238148
7.2473823911056252
6.8120223251535643
6.2231228420422280
5.4105040430063402
4.5677554723722649
3.7053886023248590
2.7624055808520045
1.8746070577006180
0.20251377460859468
0.16744597990410590
0.13122859084461422
0.95948824143629943E-1
0.61215415179775391E-1
0.23069838707196911E-1
0.32461588116729622E-2
3.7162756468300437
3.5583553786918549
3.3599958393572922
3.1217105970893781
2.8020625393989178
2.4170278213913314
1.9695817926765742
1.4808022988872327
0.99984596085594635
0.10880537976139104
0.90027913172640570E-1
0.70581093697793085E-1
0.52307715039719142E-1
0.47700071811744599E-1
5.1463952413089595
5.1874211459983517
5.0295887454864516
4.7735064066652120
4.4609155229486319
3.8956924503391446
3.2331256076599519
2.4469402009334207
1.6588070353320246
0.18176278210879093
0.15022603180186314
0.11867176404199650
0.86769803635739134E-1
0.56315625548085252E-1
0.21295325510652333E-1
0.29989437488470647E-2
11.160001134164608
10.824745152003930
8.6553515851539267
5.4842514585772131
1.7430897229283633
0.27507082824319207
0.14744749670273510
0.25177532685419876E-1
5.6386071186183075
4.9524473762634216
2.1071949645832184
1.8012945261339410
1.4592294528939851
1.0851345979455636
0.72426764578090153
0.78190642562091073E-1
0.64598883834044982E-1
0.50604832882067588E-1
0.61719621865317334E-1
0.10356246671838661E-1
4.4163623266660741
3.8748694743618310
2.9915267764926492
1.9754586321533565
0.64035497923258922
0.92236389485235132E-1
0.48084003424329079E-1
0.74726575478273327E-2
3.7968532907700618
3.1960986708968773
2.6435171263555253
2.2317922276629640
2.0739120057165148
1.8217300420567708
1.4848618594498737
1.1025842972548123
0.81837382674996362
0.11871728395866189
0.51895387701225419E-1
0.77469405785842178E-2
1.6769898725110177
1.3817217967150293
1.1099319941279768
0.72818958903615005
0.27047997846304506
0.20154266389809175E-1
1.4235166288563144
1.3477634324573446
2.7008890602839859
2.1827059986874304
1.5058896991748338
0.47467225848085931
0.95597219043816906E-1
0.18396736866335733E-1
0.32273027718815944
0.36543496517434398
0.43986922765427772
0.43337602161264005
0.69477999267884150
0.45755561619551233
0.16851503008669974
0.17078162324859276E-1
0.33835035119929807
0.25709234288382254
0.12784306819276231
0.63013810833779339E-2
0.29274440575040256
0.14753163701698203E-1
0.24135940920876456
0.21805032724084222E-1
0.13708197357479479
0.38740900195716958E-1
10.133420075254250
9.0211164630932075
12.168983423861404
8.5280270206034494
5.6020479220380217
1.8282691007493503
0.27626661948228132
0.15158359054484769
0.25382004615875687E-1
0.36508382422157817E-2
8.3016145842427278
7.7205826140129004
7.2388377110586148
6.5164736399620731
5.8837718694153827
5.0894753312110508
4.0531918948560746
3.0619422354439325
2.2753911016204320
0.32113794030270182
0.16687319235667805
0.27628602079431547E-1
7.4037202949435610
7.2431454816002736
6.8115569265050144
6.2241268829777781
5.4079651187476889
4.5713948233113859
3.7076295188332749
2.7653322527471307
1.8771230935647489
0.20261636078858650
0.16765159131003873
0.13167966310392665
0.96063449564819922E-1
0.61215415179775391E-1
0.23069838707196911E-1
0.32461588116729622E-2
3.7278443588976624
3.5653087515618931
3.3633358874608041
3.1202531215533007
2.7982973942640492
2.4132323121827954
1.9652154388830738
1.4768033503851188
0.99670327923127811
0.10835750967478373
0.89707875836176773E-1
0.70378261685688892E-1
0.52081502690890374E-1
0.47541783895711794E-1
5.1469340310711988
5.1880650654702976
5.0293522036396148
4.7731647351086695
4.4605344277509493
3.8954690497060205
3.2331032675966394
2.4469467715402771
1.6588057212106533
0.18176278210879093
0.15022603180186314
0.11867189545413362
0.86769803635739134E-1
0.56315625548085252E-1
0.21295325510652333E-1
0.29989437488470647E-2
11.160001134164608
10.824745152003930
8.6553515851539267
5.4842514585772131
1.7430897229283633
0.27507082824319207
0.14744749670273510
0.25177532685419876E-1
5.6388003315332105
4.9523219573537487
2.1072186924850489
1.8012450365101242
1.4592443675751354
1.0850359576679556
0.72430900012409116
0.78188371462915907E-1
0.64591494287475043E-1
0.50618459477118599E-1
0.61725926707803622E-1
0.10350293002299459E-1
4.4163623266660741
3.8748694743618310
2.9915267764926492
1.9754586321533565
0.64035497923258922
0.92236389485235132E-1
0.48084003424329079E-1
0.74726575478273327E-2
3.7968532907700618
3.1960986708968773
2.6435171263555253
2.2317922276629640
2.0739120057165148
1.8217300420567708
1.4848618594498737
1.1025842972548123
0.81837382674996362
0.11871728395866189
0.51895387701225419E-1
0.77469405785842178E-2
1.6769898725110177
1.3817217967150293
1.1099319941279768
0.72818958903615005
0.27047997846304506
0.20154266389809175E-1
1.4235166288563144
1.3477634324573446
2.7008890602839859
2.1827059986874304
1.5058896991748338
0.47467225848085931
0.95597219043816906E-1
0.18396736866335733E-1
0.32085152032354530
0.36157184085213434
0.43608392166373855
0.42828447934049046
0.69967143066955284
0.46497392658460723
0.17071601042895204
0.17188947836896628E-1
0.33834698626511100
0.25709459929848472
0.12784438445465651
0.63011745129133139E-2
0.29274440575040256
0.14753163701698203E-1
0.24135940920876456
0.21805032724084222E-1
0.13708195635366208
0.38740917388240544E-1
10.133420075254250
9.0211164630932075
12.168983423861404
8.5280270206034494
5.6020479220380217
1.8282691007493503
0.27626661948228132
0.15158359054484769
0.25382004615875687E-1
0.36508382422157817E-2
8.3016145842427278
7.7205826140129004
7.2388377110586148
6.5164736399620731
5.8837718694153827
5.0894753312110508
4.0531918948560746
3.0619422354439325
2.2753911016204320
0.32113794030270182
0.16687319235667805
0.27628602079431547E-1
7.4050555508251685
7.2442721037503786
6.8118072869828161
6.2240017027388781
5.4087162001810922
4.5703975540748116
3.7070203083372921
2.7645185811942765
1.8764304295761656
0.20264139683636662
0.16764825317033472
0.13150232443215076
0.96018384678815696E-1
0.61215415179775391E-1
0.23069838707196911E-1
0.32461588116729622E-2
3.7250361604862827
3.5636208842752639
3.3625251215152612
3.1206069103295371
2.7992113486026611
2.4141536371209118
1.9662753310918832
1.4777740583399186
0.99746613628003855
0.10846622601748150
0.89785561954958779E-1
0.70427497290381863E-1
0.52136413657202126E-1
0.47580206830931004E-1
5.1467875483098906
5.1878900007067825
5.0294165131445787
4.7732576266158411
4.4606380375089474
3.8955297864607092
3.2331093412721077
2.4469449851651390
1.6588060784856808
0.18176278210879093
0.15022603180186314
0.11867185972663087
0.86769803635739134E-1
0.56315625548085252E-1
0.21295325510652333E-1
0.29989437488470647E-2
11.160001134164608
10.824745152003930
8.6553515851539267
5.4842514585772131
1.7430897229283633
0.27507082824319207
0.14744749670273510
0.25177532685419876E-1
5.6387481042155105
4.9523558592968184
2.1072122786039276
1.8012584140336050
1.4592403359927164
1.0850626210880447
0.72429782164556566
0.78188985362966076E-1
0.64593491753309903E-1
0.50614776076817622E-1
0.61724222447962877E-1
0.10351902336699616E-1
4.4163623266660741
3.8748694743618310
2.9915267764926492
1.9754586321533565
0.64035497923258922
0.92236389485235132E-1
0.48084003424329079E-1
0.74726575478273327E-2
3.7968532907700618
3.1960986708968773
2.6435171263555253
2.2317922276629640
2.0739120057165148
1.8217300420567708
1.4848618594498737
1.1025842972548123
0.81837382674996362
0.11871728395866189
0.51895387701225419E-1
0.77469405785842178E-2
1.6769898725110177
1.3817217967150293
1.1099319941279768
0.72818958903615005
0.27047997846304506
0.20154266389809175E-1
1.4235166288563144
1.3477634324573446
2.7008890602839859
2.1827059986874304
1.5058896991748338
0.47467225848085931
0.95597219043816906E-1
0.18396736866335733E-1
0.32131135111603154
0.36251735091360771
0.43701038547936927
0.42953064799705098
0.69847423807373055
0.46315827517735214
0.17017731457421592
0.17161832785047383E-1
0.33834779215170441
0.25709405889732845
0.12784406921585686
0.63012239856098887E-2
0.29274440575040256
0.14753163701698203E-1
0.24135940920876456
0.21805032724084222E-1
0.13708196047798818
0.38740913270766127E-1
10.133420075254250
9.0211164630932075
12.168983423861404
8.5280270206034494
5.6020479220380217
1.8282691007493503
0.27626661948228132
0.15158359054484769
0.25382004615875687E-1
0.36508382422157817E-2
8.3016145842427278
7.7205826140129004
7.2388377110586148
6.5164736399620731
5.8837718694153827
5.0894753312110508
4.0531918948560746
3.0619422354439325
2.2753911016204320
0.32113794030270182
0.16687319235667805
0.27628602079431547E-1
7.4109826934536107
7.2480730316548492
6.8119359950849105
6.2227775217676147
5.4108205865914014
4.5672000822639305
3.7050404043812915
2.7619739305087396
1.8742272053985447
0.20243003444200125
0.16734670032515495
0.13122859084461422
0.95948824143629943E-1
0.61215415179775391E-1
0.23069838707196911E-1
0.32461588116729622E-2
3.7140642548236733
3.5570262218166344
3.3593573797229066
3.1219891976571099
2.8027822575322245
2.4177533437031329
1.9704164335440701
1.4815667091949467
1.0004466933301177
0.10889099139418359
0.90089089213971643E-1
0.70619865610135751E-1
0.52350956169502499E-1
0.47730328994235960E-1
5.1463091525163582
5.1873182593925611
5.0296265405661300
4.7735609995580814
4.4609764150214462
3.8957281456921740
3.2331291771952548
2.4469391510700960
1.6588072453046894
0.18176278210879093
0.15022603180186314
0.11867174304473002
0.86769803635739134E-1
0.56315625548085252E-1
0.21295325510652333E-1
0.29989437488470647E-2
11.160001134164608
10.824745152003930
8.6553515851539267
5.4842514585772131
1.7430897229283633
0.27507082824319207
0.14744749670273510
0.25177532685419876E-1
5.6385758108953317
4.9524676988204419
2.1071911197751336
1.8013025453050897
1.4592270361574744
1.0851505813620308
0.72426094482966774
0.78191010565150626E-1
0.64600081217134286E-1
0.50602624863710262E-1
0.61718600244883341E-1
0.10357211389112995E-1
4.4163623266660741
3.8748694743618310
2.9915267764926492
1.9754586321533565
0.64035497923258922
0.92236389485235132E-1
0.48084003424329079E-1
0.74726575478273327E-2
3.7968532907700618
3.1960986708968773
2.6435171263555253
2.2317922276629640
2.0739120057165148
1.8217300420567708
1.4848618594498737
1.1025842972548123
0.81837382674996362
0.11871728395866189
0.51895387701225419E-1
0.77469405785842178E-2
1.6769898725110177
1.3817217967150293
1.1099319941279768
0.72818958903615005
0.27047997846304506
0.20154266389809175E-1
1.4235166288563144
1.3477634324573446
2.7008890602839859
2.1827059986874304
1.5058896991748338
0.47467225848085931
0.95597219043816906E-1
0.18396736866335733E-1
0.32308477293120452
0.36616388393593080
0.44058346316023556
0.43433672605237172
0.69385704518215607
0.45615588241247096
0.16809973517731050
0.17057258612863321E-1
0.33835100817304131
0.25709190233874668
0.12784281120422833
0.63014214144405398E-2
0.29274440575040256
0.14753163701698203E-1
0.24135940920876456
0.21805032724084222E-1
0.13708197693714311
0.38740896838954444E-1
10.133420075254250
9.0211164630932075
12.168983423861404
8.5280270206034494
5.6020479220380217
1.8282691007493503
0.27626661948228132
0.15158359054484769
0.25382004615875687E-1
0.36508382422157817E-2
8.3016145842427278
7.7205826140129004
7.2388377110586148
6.5164736399620731
5.8837718694153827
5.0894753312110508
4.0531918948560746
3.0619422354439325
2.2753911016204320
0.32113794030270182
0.16687319235667805
0.27628602079431547E-1
7.4075549567990908
7.2462449054391049
6.8121645108618782
6.2236915848754872
5.4099826954091839
4.5686702004290920
3.7059620846817301
2.7631165093935799
1.8752326748172041
0.20265169474566028
0.16760949346866821
0.13122859084461422
0.95948824143629943E-1
0.61215415179775391E-1
0.23069838707196911E-1
0.32461588116729622E-2
3.7197996360093488
3.5604734719256101
3.3610132640547290
3.1212666299486784
2.8009156242854432
2.4158716569624255
1.9682517411175608
1.4795841640449376
0.99888865670881211
0.10866895235878014
0.89930425387995200E-1
0.70519308270712358E-1
0.52238807639756350E-1
0.47651855130401502E-1
5.1465424868259753
5.1875971223479560
5.0295241011131280
4.7734130314592997
4.4608113736804977
3.8956313973198937
3.2331195023580261
2.4469419966104571
1.6588066761966171
0.18176278210879093
0.15022603180186314
0.11867179995553724
0.86769803635739134E-1
0.56315625548085252E-1
0.21295325510652333E-1
0.29989437488470647E-2
11.160001134164608
10.824745152003930
8.6553515851539267
5.4842514585772131
1.7430897229283633
0.27507082824319207
0.14744749670273510
0.25177532685419876E-1
5.6386607866962661
4.9524125390900107
2.1072015553998096
1.8012807795736221
1.4592335956929856
1.0851071989794481
0.72427913263267496
0.78190011726788758E-1
0.64596831265449392E-1
0.50608617893881512E-1
0.61721373139440192E-1
0.10354592941801355E-1
4.4163623266660741
3.8748694743618310
2.9915267764926492
1.9754586321533565
0.64035497923258922
0.92236389485235132E-1
0.48084003424329079E-1
0.74726575478273327E-2
3.7968532907700618
3.1960986708968773
2.6435171263555253
2.2317922276629640
2.0739120057165148
1.8217300420567708
1.4848618594498737
1.1025842972548123
0.81837382674996362
0.11871728395866189
0.51895387701225419E-1
0.77469405785842178E-2
1.6769898725110177
1.3817217967150293
1.1099319941279768
0.72818958903615005
0.27047997846304506
0.20154266389809175E-1
1.4235166288563144
1.3477634324573446
2.7008890602839859
2.1827059986874304
1.5058896991748338
0.47467225848085931
0.95597219043816906E-1
0.18396736866335733E-1
0.32216231622324104
0.36426711644470394
0.43872490393501895
0.43183681379055333
0.69625870761709074
0.45979822182799812
0.16918040139817536
0.17111653537852739E-1
0.33834931350855368
0.25709303872525074
0.12784347410643221
0.63013173804205213E-2
0.29274440575040256
0.14753163701698203E-1
0.24135940920876456
0.21805032724084222E-1
0.13708196826401117
0.38740905497677884E-1
10.133420075254250
9.0211164630932075
12.168983423861404
8.5280270206034494
5.6020479220380217
1.8282691007493503
0.27626661948228132
0.15158359054484769
0.25382004615875687E-1
0.36508382422157817E-2
8.3016145842427278
7.7205826140129004
7.2388377110586148
6.5164736399620731
5.8837718694153827
5.0894753312110508
4.0531918948560746
3.0619422354439325
2.2753911016204320
0.32113794030270182
0.16687319235667805
0.27628602079431547E-1
7.4135790256598195
7.2494577421648279
6.8117629062711638
6.2220851665126258
5.4114552455751417
4.5660865442288232
3.7043422794991780
2.7611084864400035
1.8734656146180566
0.20226213829266640
0.16714764818934555
0.13122859084461422
0.95948824143629943E-1
0.61215415179775391E-1
0.23069838707196911E-1
0.32461588116729622E-2
3.7094572990147454
3.5542572116322666
3.3580272874946080
3.1225696015385500
2.8042816342259433
2.4192648121443820
1.9721552268388833
1.4831591923446468
1.0016981891994718
0.10906934467025096
0.90216536232937766E-1
0.70700638483636100E-1
0.52441039688600942E-1
0.47793363274109803E-1
5.1461436113156394
5.1871204174697505
5.0296992171908359
4.7736659769048773
4.4610935051390284
3.8957967847266186
3.2331360410986987
2.4469371322749649
1.6588076490637156
0.18176278210879093
0.15022603180186314
0.11867170266882739
0.86769803635739134E-1
0.56315625548085252E-1
0.21295325510652333E-1
0.29989437488470647E-2
11.160001134164608
10.824745152003930
8.6553515851539267
5.4842514585772131
1.7430897229283633
0.27507082824319207
0.14744749670273510
0.25177532685419876E-1
5.6385161611241017
4.9525064188473804
2.1071837943646319
1.8013178240184218
1.4592224316137308
1.0851810341399739
0.72424817768565042
0.78191711711584372E-1
0.64602362559261980E-1
0.50598417985107828E-1
0.61716653778664303E-1
0.10359049439256607E-1
4.4163623266660741
3.8748694743618310
2.9915267764926492
1.9754586321533565
0.64035497923258922
0.92236389485235132E-1
0.48084003424329079E-1
0.74726575478273327E-2
3.7968532907700618
3.1960986708968773
2.6435171263555253
2.2317922276629640
2.0739120057165148
1.8217300420567708
1.4848618594498737
1.1025842972548123
0.81837382674996362
0.11871728395866189
0.51895387701225419E-1
0.77469405785842178E-2
1.6769898725110177
1.3817217967150293
1.1099319941279768
0.72818958903615005
0.27047997846304506
0.20154266389809175E-1
1.4235166288563144
1.3477634324573446
2.7008890602839859
2.1827059986874304
1.5058896991748338
0.47467225848085931
0.95597219043816906E-1
0.18396736866335733E-1
0.32381859317040412
0.36767277466446235
0.44206195896761685
0.43632542232191840
0.69194650728128138
0.45325837800053104
0.16724005825389085
0.17013987100474311E-1
0.33835239142381107
0.25709097477608278
0.12784227011778290
0.63015063310357285E-2
0.29274440575040256
0.14753163701698203E-1
0.24135940920876456
0.21805032724084222E-1
0.13708198401660832
0.38740889771250189E-1
10.133420075254250
9.0211164630932075
12.168983423861404
8.5280270206034494
5.6020479220380217
1.8282691007493503
0.27626661948228132
0.15158359054484769
0.25382004615875687E-1
0.36508382422157817E-2
8.3016145842427278
7.7205826140129004
7.2388377110586148
6.5164736399620731
5.8837718694153827
5.0894753312110508
4.0531918948560746
3.0619422354439325
2.2753911016204320
0.32113794030270182
0.16687319235667805
0.27628602079431547E-1
7.4126911438886181
7.2489842052201867
6.8118220983892428
6.2223219349849463
5.4112382078088475
4.5664673468551387
3.7045810210421011
2.7614044470304031
1.8737260599376089
0.20231955464720411
0.16721571912513766
0.13122859084461422
0.95948824143629943E-1
0.61215415179775391E-1
0.23069838707196911E-1
0.32461588116729622E-2
3.7110595450463473
3.5552202413992915
3.3584898782123926
3.1223677437707891
2.8037601683258946
2.4187391408741714
1.9715504946096334
1.4826053450943528
1.0012629333877379
0.10900731546036614
0.90172211631433630E-1
0.70672546610956066E-1
0.52409709680896401E-1
0.47771440679456947E-1
5.1461991955643684
5.1871868474255498
5.0296748143499306
4.7736307283569026
4.4610541894509019
3.8957737375990957
3.2331337363859469
2.4469378101316570
1.6588075134923772
0.18176278210879093
0.15022603180186314
0.11867171622596125
0.86769803635739134E-1
0.56315625548085252E-1
0.21295325510652333E-1
0.29989437488470647E-2
11.160001134164608
10.824745152003930
8.6553515851539267
5.4842514585772131
1.7430897229283633
0.27507082824319207
0.14744749670273510
0.25177532685419876E-1
5.6385361075664715
4.9524934711567195
2.1071862439277300
1.8013127149296746
1.4592239713391066
1.0851708509562381
0.72425244692419266
0.78191477253402142E-1
0.64601599695325751E-1
0.50599824734201236E-1
0.61717304662573205E-1
0.10358434808881560E-1
4.4163623266660741
3.8748694743618310
2.9915267764926492
1.9754586321533565
0.64035497923258922
0.92236389485235132E-1
0.48084003424329079E-1
0.74726575478273327E-2
3.7968532907700618
3.1960986708968773
2.6435171263555253
2.2317922276629640
2.0739120057165148
1.8217300420567708
1.4848618594498737
1.1025842972548123
0.81837382674996362
0.11871728395866189
0.51895387701225419E-1
0.77469405785842178E-2
1.6769898725110177
1.3817217967150293
1.1099319941279768
0.72818958903615005
0.27047997846304506
0.20154266389809175E-1
1.4235166288563144
1.3477634324573446
2.7008890602839859
2.1827059986874304
1.5058896991748338
0.47467225848085931
0.95597219043816906E-1
0.18396736866335733E-1
0.32356409499943434
0.36714947221232053
0.44154919785983460
0.43563571721952710
0.69260910606960491
0.45426326929927718
0.16753820512004136
0.17028994210076670E-1
0.33835190809111065
0.25709129888316223
0.12784245918311982
0.63014766596499175E-2
0.29274440575040256
0.14753163701698203E-1
0.24135940920876456
0.21805032724084222E-1
0.13708198154290366
0.38740892240845336E-1
10.133420075254250
9.0211164630932075
12.168983423861404
8.5280270206034494
5.6020479220380217
1.8282691007493503
0.27626661948228132
0.15158359054484769
0.25382004615875687E-1
0.36508382422157817E-2
8.3016145842427278
7.7205826140129004
7.2388377110586148
6.5164736399620731
5.8837718694153827
5.0894753312110508
4.0531918948560746
3.0619422354439325
2.2753911016204320
0.32113794030270182
0.16687319235667805
0.27628602079431547E-1
7.4074942237308079
7.2462125144693550
6.8121685597330970
6.2237077803603631
5.4099678495480497
4.5686962481672655
3.7059784151289792
2.7631367537496736
1.8752504898505669
0.20265562215074245
0.16761414967056976
0.13122859084461422
0.95948824143629943E-1
0.61215415179775391E-1
0.23069838707196911E-1
0.32461588116729622E-2
3.7198979024966885
3.5605325349849299
3.3610416349565857
3.1212542499187776
2.8008836425415313
2.4158394173012252
1.9682146526113153
1.4795501963378963
0.99886196226933788
0.10866514807875845
0.89927706939762764E-1
0.70517585383217798E-1
0.52236886155948778E-1
0.47650510607570785E-1
5.1465467831224716
5.1876022569462075
5.0295222149341789
4.7734103069785947
4.4608083348366350
3.8956296159286636
3.2331193242189036
2.4469420490043170
1.6588066657178451
0.18176278210879093
0.15022603180186314
0.11867180100341443
0.86769803635739134E-1
0.56315625548085252E-1
0.21295325510652333E-1
0.29989437488470647E-2
11.160001134164608
10.824745152003930
8.6553515851539267
5.4842514585772131
1.7430897229283633
0.27507082824319207
0.14744749670273510
0.25177532685419876E-1
5.6386623170032362
4.9524115457328550
2.1072017433322445
1.8012803876002577
1.4592337138219442
1.0851064177174687
0.72427946017206157
0.78189993738969996E-1
0.64596772737919667E-1
0.50608725820794134E-1
0.61721423075772899E-1
0.10354545786868688E-1
4.4163623266660741
3.8748694743618310
2.9915267764926492
1.9754586321533565
0.64035497923258922
0.92236389485235132E-1
0.48084003424329079E-1
0.74726575478273327E-2
3.7968532907700618
3.1960986708968773
2.6435171263555253
2.2317922276629640
2.0739120057165148
1.8217300420567708
1.4848618594498737
1.1025842972548123
0.81837382674996362
0.11871728395866189
0.51895387701225419E-1
0.77469405785842178E-2
1.6769898725110177
1.3817217967150293
1.1099319941279768
0.72818958903615005
0.27047997846304506
0.20154266389809175E-1
1.4235166288563144
1.3477634324573446
2.7008890602839859
2.1827059986874304
1.5058896991748338
0.47467225848085931
0.95597219043816906E-1
0.18396736866335733E-1
0.32214642461136123
0.36423443990548365
0.43869288562824349
0.43179374658202713
0.69630008222790196
0.45986097018662164
0.16919901856254232
0.17112590625771008E-1
0.33834928473375292
0.25709305802068971
0.12784348536227605
0.63013156139598353E-2
0.29274440575040256
0.14753163701698203E-1
0.24135940920876456
0.21805032724084222E-1
0.13708196811674583
0.38740905644698544E-1
10.133420075254250
9.0211164630932075
12.168983423861404
8.5280270206034494
5.6020479220380217
1.8282691007493503
0.27626661948228132
0.15158359054484769
0.25382004615875687E-1
0.36508382422157817E-2
8.3016145842427278
7.7205826140129004
7.2388377110586148
6.5164736399620731
5.8837718694153827
5.0894753312110508
4.0531918948560746
3.0619422354439325
2.2753911016204320
0.32113794030270182
0.16687319235667805
0.27628602079431547E-1
7.4108882966048393
7.2480226866688380
6.8119422882081624
6.2228026942606203
5.4107975118061455
4.5672405680235144
3.7050657866450729
2.7620053961249966
1.8742548951408511
0.20243613877155517
0.16735393741689406
0.13122859084461422
0.95948824143629943E-1
0.61215415179775391E-1
0.23069838707196911E-1
0.32461588116729622E-2
3.7142273482558048
3.5571242491026140
3.3594044670655170
3.1219686504530619
2.8027291772551002
2.4176998353592580
1.9703548775452764
1.4815103328038399
1.0004023884213893
0.10888467740960632
0.90084577390416101E-1
0.70617006124239060E-1
0.52347767072207542E-1
0.47728097482262991E-1
5.1463153465068556
5.1873256619665700
5.0296238212532289
4.7735570716616680
4.4609720339062164
3.8957255774522115
3.2331289203712581
2.4469392266065650
1.6588072301973955
0.18176278210879093
0.15022603180186314
0.11867174455545941
0.86769803635739134E-1
0.56315625548085252E-1
0.21295325510652333E-1
0.29989437488470647E-2
11.160001134164608
10.824745152003930
8.6553515851539267
5.4842514585772131
1.7430897229283633
0.27507082824319207
0.14744749670273510
0.25177532685419876E-1
5.6385780569766428
4.9524662408378362
2.1071913956096813
1.8013019699930342
1.4592272095391898
1.0851494346784136
0.72426142556987849
0.78190984163843999E-1
0.64599995314375339E-1
0.50602783271550190E-1
0.61718673538063019E-1
0.10357142178284625E-1
4.4163623266660741
3.8748694743618310
2.9915267764926492
1.9754586321533565
0.64035497923258922
0.92236389485235132E-1
0.48084003424329079E-1
0.74726575478273327E-2
3.7968532907700618
3.1960986708968773
2.6435171263555253
2.2317922276629640
2.0739120057165148
1.8217300420567708
1.4848618594498737
1.1025842972548123
0.81837382674996362
0.11871728395866189
0.51895387701225419E-1
0.77469405785842178E-2
1.6769898725110177
1.3817217967150293
1.1099319941279768
0.72818958903615005
0.27047997846304506
0.20154266389809175E-1
1.4235166288563144
1.3477634324573446
2.7008890602839859
2.1827059986874304
1.5058896991748338
0.47467225848085931
0.95597219043816906E-1
0.18396736866335733E-1
0.32305867849767222
0.36611022822201073
0.44053088828084036
0.43426600859344971
0.69392498335229946
0.45625891682369080
0.16813030503780102
0.17058797335214607E-1
0.33835095956625666
0.25709193493286453
0.12784283021775278
0.63014184305111316E-2
0.29274440575040256
0.14753163701698203E-1
0.24135940920876456
0.21805032724084222E-1
0.13708197668837596
0.38740897087308317E-1
10.133420075254250
9.0211164630932075
12.168983423861404
8.5280270206034494
5.6020479220380217
1.8282691007493503
0.27626661948228132
0.15158359054484769
0.25382004615875687E-1
0.36508382422157817E-2
8.3016145842427278
7.7205826140129004
7.2388377110586148
6.5164736399620731
5.8837718694153827
5.0894753312110508
4.0531918948560746
3.0619422354439325
2.2753911016204320
0.32113794030270182
0.16687319235667805
0.27628602079431547E-1
7.4081252302974088
7.2465490513048749
6.8121264926286571
6.2235395119426009
5.4101220955976634
4.5684256164620347
3.7058087444744041
2.7629264182274733
1.8750653945910303
0.20261481705943560
0.16756577250046370
0.13122859084461422
0.95948824143629943E-1
0.61215415179775391E-1
0.23069838707196911E-1
0.32461588116729622E-2
3.7188713886289979
3.5599155489594674
3.3607452661233941
3.1213835745005341
2.8012177310444026
2.4161762000662148
1.9686020875041603
1.4799050306590902
0.99914081839875002
0.10870488844502732
0.89956104462506750E-1
0.70535583054178869E-1
0.52256958408742206E-1
0.47664555796001949E-1
5.1465024293212442
5.1875492487447419
5.0295416873347181
4.7734384337793720
4.4608397070375032
3.8956480065291723
3.2331211632789545
2.4469415081043020
1.6588067738978483
0.18176278210879093
0.15022603180186314
0.11867179018541413
0.86769803635739134E-1
0.56315625548085252E-1
0.21295325510652333E-1
0.29989437488470647E-2
11.160001134164608
10.824745152003930
8.6553515851539267
5.4842514585772131
1.7430897229283633
0.27507082824319207
0.14744749670273510
0.25177532685419876E-1
5.6386463671489047
4.9524218991470699
2.1071997845782042
1.8012844730015423
1.4592324826051188
1.0851145605378378
0.72427604634359066
0.78190181219713897E-1
0.64597382749892324E-1
0.50607600936330766E-1
0.61720902606842092E-1
0.10355037266239696E-1
4.4163623266660741
3.8748694743618310
2.9915267764926492
1.9754586321533565
0.64035497923258922
0.92236389485235132E-1
0.48084003424329079E-1
0.74726575478273327E-2
3.7968532907700618
3.1960986708968773
2.6435171263555253
2.2317922276629640
2.0739120057165148
1.8217300420567708
1.4848618594498737
1.1025842972548123
0.81837382674996362
0.11871728395866189
0.51895387701225419E-1
0.77469405785842178E-2
1.6769898725110177
1.3817217967150293
1.1099319941279768
0.72818958903615005
0.27047997846304506
0.20154266389809175E-1
1.4235166288563144
1.3477634324573446
2.7008890602839859
2.1827059986874304
1.5058896991748338
0.47467225848085931
0.95597219043816906E-1
0.18396736866335733E-1
0.32231228702673814
0.36457548836313736
0.43902706404502345
0.43224324354204258
0.69586825108727568
0.45920605900448552
0.16900470927077671
0.17102810141153026E-1
0.33834958575166074
0.25709285616793925
0.12784336761304846
0.63013340931946773E-2
0.29274440575040256
0.14753163701698203E-1
0.24135940920876456
0.21805032724084222E-1
0.13708196965731470
0.38740904106689004E-1
10.133420075254250
9.0211164630932075
12.168983423861404
8.5280270206034494
5.6020479220380217
1.8282691007493503
0.27626661948228132
0.15158359054484769
0.25382004615875687E-1
0.36508382422157817E-2
8.3016145842427278
7.7205826140129004
7.2388377110586148
6.5164736399620731
5.8837718694153827
5.0894753312110508
4.0531918948560746
3.0619422354439325
2.2753911016204320
0.32113794030270182
0.16687319235667805
0.27628602079431547E-1
7.4046481137480544
7.2439283287165646
6.8117308925308562
6.2240398999648567
5.4084870168252168
4.5707018586417814
3.7072062015037250
2.7647668631631430
1.8766417875599184
0.20263375739117076
0.16764927176302749
0.13155643716895496
0.96032135680168287E-1
0.61215415179775391E-1
0.23069838707196911E-1
0.32461588116729622E-2
3.7259032534012788
3.5641420503580301
3.3627754633017428
3.1204976702772544
2.7989291451342635
2.4138691578180911
1.9659480661019191
1.4774743309464673
0.99723058741730364
0.10843265745974871
0.89761574660144977E-1
0.70412294716439144E-1
0.52119458690754038E-1
0.47568342906086192E-1
5.1468315608431077
5.1879426010513585
5.0293971905690205
4.7732297162289221
4.4606069066927692
3.8955115373615703
3.2331075163621943
2.4469455219033489
1.6588059711380387
0.18176278210879093
0.15022603180186314
0.11867187046139509
0.86769803635739134E-1
0.56315625548085252E-1
0.21295325510652333E-1
0.29989437488470647E-2
11.160001134164608
10.824745152003930
8.6553515851539267
5.4842514585772131
1.7430897229283633
0.27507082824319207
0.14744749670273510
0.25177532685419876E-1
5.6387637935275805
4.9523456750065256
2.1072142053615499
1.8012543953677065
1.4592415470975080
1.0850546112813559
0.72430117970885100
0.78188800944736458E-1
0.64592891705935962E-1
0.50615882586195246E-1
0.61724734414988339E-1
0.10351418885686968E-1
4.4163623266660741
3.8748694743618310
2.9915267764926492
1.9754586321533565
0.64035497923258922
0.92236389485235132E-1
0.48084003424329079E-1
0.74726575478273327E-2
3.7968532907700618
3.1960986708968773
2.6435171263555253
2.2317922276629640
2.0739120057165148
1.8217300420567708
1.4848618594498737
1.1025842972548123
0.81837382674996362
0.11871728395866189
0.51895387701225419E-1
0.77469405785842178E-2
1.6769898725110177
1.3817217967150293
1.1099319941279768
0.72818958903615005
0.27047997846304506
0.20154266389809175E-1
1.4235166288563144
1.3477634324573446
2.7008890602839859
2.1827059986874304
1.5058896991748338
0.47467225848085931
0.95597219043816906E-1
0.18396736866335733E-1
0.32116962922250719
0.36222594051124241
0.43672484521460558
0.42914657327968891
0.69884321815154549
0.46371786700900214
0.17034334303036638
0.17170189764514350E-1
0.33834754258037036
0.25709422625169148
0.12784416684071925
0.63012086646367102E-2
0.29274440575040256
0.14753163701698203E-1
0.24135940920876456
0.21805032724084222E-1
0.13708195920074059
0.38740914545891826E-1
10.133420075254250
9.0211164630932075
12.168983423861404
8.5280270206034494
5.6020479220380217
1.8282691007493503
0.27626661948228132
0.15158359054484769
0.25382004615875687E-1
0.36508382422157817E-2
8.3016145842427278
7.7205826140129004
7.2388377110586148
6.5164736399620731
5.8837718694153827
5.0894753312110508
4.0531918948560746
3.0619422354439325
2.2753911016204320
0.32113794030270182
0.16687319235667805
0.27628602079431547E-1
7.3991972482166801
7.2393291609244690
6.8107088552437238
6.2245509186084238
5.4054209049638189
4.5747729738355254
3.7096931589024145
2.7680884843463232
1.8794694240543182
0.20253155366245748
0.16766289892685593
0.13228038024734043
0.96216102391852132E-1
0.61215415179775391E-1
0.23069838707196911E-1
0.32461588116729622E-2
3.7366882988516483
3.5706244005106140
3.3658892559514562
3.1191389243937437
2.7954190516018596
2.4103307570797816
1.9618774898925671
1.4737462719285839
0.99430079160598273
0.10801512617262812
0.89463216709890658E-1
0.70223202580983857E-1
0.51908570006750761E-1
0.47420777441695712E-1
5.1474829831369115
5.1887211301341978
5.0291112002936922
4.7728166191645593
4.4601461445825175
3.8952414354348712
3.2330805061695242
2.4469534660776637
1.6588043823031757
0.18176278210879093
0.15022603180186314
0.11867202934488137
0.86769803635739134E-1
0.56315625548085252E-1
0.21295325510652333E-1
0.29989437488470647E-2
11.160001134164608
10.824745152003930
8.6553515851539267
5.4842514585772131
1.7430897229283633
0.27507082824319207
0.14744749670273510
0.25177532685419876E-1
5.6390042504564049
4.9521895889299206
2.1072437351598268
1.8011928046455865
1.4592601086849961
1.0849318516913773
0.72435264592870452
0.78185974521187127E-1
0.64583695283044099E-1
0.50632841127491265E-1
0.61732580904244709E-1
0.10344009437445094E-1
4.4163623266660741
3.8748694743618310
2.9915267764926492
1.9754586321533565
0.64035497923258922
0.92236389485235132E-1
0.48084003424329079E-1
0.74726575478273327E-2
3.7968532907700618
3.1960986708968773
2.6435171263555253
2.2317922276629640
2.0739120057165148
1.8217300420567708
1.4848618594498737
1.1025842972548123
0.81837382674996362
0.11871728395866189
0.51895387701225419E-1
0.77469405785842178E-2
1.6769898725110177
1.3817217967150293
1.1099319941279768
0.72818958903615005
0.27047997846304506
0.20154266389809175E-1
1.4235166288563144
1.3477634324573446
2.7008890602839859
2.1827059986874304
1.5058896991748338
0.47467225848085931
0.95597219043816906E-1
0.18396736866335733E-1
0.31938721961616234
0.35856092667571093
0.43313365899590489
0.42431613777847044
0.70348381120948478
0.47075574825346306
0.17243145170440297
0.17275293923875470E-1
0.33834449260630978
0.25709627146440794
0.12784535989960572
0.63010214293079516E-2
0.29274440575040256
0.14753163701698203E-1
0.24135940920876456
0.21805032724084222E-1
0.13708194359197007
0.38740930128731824E-1
10.133420075254250
9.0211164630932075
12.168983423861404
8.5280270206034494
5.6020479220380217
1.8282691007493503
0.27626661948228132
0.15158359054484769
0.25382004615875687E-1
0.36508382422157817E-2
8.3016145842427278
7.7205826140129004
7.2388377110586148
6.5164736399620731
5.8837718694153827
5.0894753312110508
4.0531918948560746
3.0619422354439325
2.2753911016204320
0.32113794030270182
0.16687319235667805
0.27628602079431547E-1
7.4006094498285249
7.2405207060344621
6.8109736430459451
6.2244185247073123
5.4062152683704809
4.5737182357566795
3.7090488419170100
2.7672279239891062
1.8787368444681740
0.20255803244267959
0.16765936842282633
0.13209282222076743
0.96168440587452386E-1
0.61215415179775391E-1
0.23069838707196911E-1
0.32461588116729622E-2
3.7340318415031413
3.5690277371699111
3.3651222997615986
3.1194735961856814
2.7962836203976988
2.4112022982046200
1.9628801108025806
1.4746645276577131
0.99502242765734872
0.10811796802535902
0.89536705057537011E-1
0.70269777738695208E-1
0.51960513857791109E-1
0.47457124192765959E-1
5.1473021524950839
5.1885050154646954
5.0291905893559585
4.7729312922544986
4.4602740491828357
3.8953164139936782
3.2330880040254049
2.4469512608259341
1.6588048233535220
0.18176278210879093
0.15022603180186314
0.11867198523984679
0.86769803635739134E-1
0.56315625548085252E-1
0.21295325510652333E-1
0.29989437488470647E-2
11.160001134164608
10.824745152003930
8.6553515851539267
5.4842514585772131
1.7430897229283633
0.27507082824319207
0.14744749670273510
0.25177532685419876E-1
5.6389320487913848
4.9522364566773893
2.1072348682886841
1.8012112984053985
1.4592545352231348
1.0849687125414138
0.72433719223899873
0.78186823207425080E-1
0.64586456680057122E-1
0.50627749010063568E-1
0.61730224849912488E-1
0.10346234262084399E-1
4.4163623266660741
3.8748694743618310
2.9915267764926492
1.9754586321533565
0.64035497923258922
0.92236389485235132E-1
0.48084003424329079E-1
0.74726575478273327E-2
3.7968532907700618
3.1960986708968773
2.6435171263555253
2.2317922276629640
2.0739120057165148
1.8217300420567708
1.4848618594498737
1.1025842972548123
0.81837382674996362
0.11871728395866189
0.51895387701225419E-1
0.77469405785842178E-2
1.6769898725110177
1.3817217967150293
1.1099319941279768
0.72818958903615005
0.27047997846304506
0.20154266389809175E-1
1.4235166288563144
1.3477634324573446
2.7008890602839859
2.1827059986874304
1.5058896991748338
0.47467225848085931
0.95597219043816906E-1
0.18396736866335733E-1
0.31982964897206850
0.35947065567676056
0.43402506252067435
0.42551514751222791
0.70233192412901901
0.46900880677892953
0.17191314178707112
0.17249204990465516E-1
0.33834523465047517
0.25709577387389304
0.12784506963405984
0.63010669827718475E-2
0.29274440575040256
0.14753163701698203E-1
0.24135940920876456
0.21805032724084222E-1
0.13708194738946169
0.38740926337548887E-1
10.133420075254250
9.0211164630932075
12.168983423861404
8.5280270206034494
5.6020479220380217
1.8282691007493503
0.27626661948228132
0.15158359054484769
0.25382004615875687E-1
0.36508382422157817E-2
8.3016145842427278
7.7205826140129004
7.2388377110586148
6.5164736399620731
5.8837718694153827
5.0894753312110508
4.0531918948560746
3.0619422354439325
2.2753911016204320
0.32113794030270182
0.16687319235667805
0.27628602079431547E-1
7.3957092320889997
7.2363861473167361
6.8100548522197837
6.2248779201203925
5.4034588958919976
4.5773780858808877
3.7112845662606690
2.7702139941741297
1.8812788324205529
0.20246615336006343
0.16767161896717514
0.13274363238929818
0.96333822936161384E-1
0.61215415179775391E-1
0.23069838707196911E-1
0.32461588116729622E-2
3.7428792935501569
3.5743454970616861
3.3676766822423643
3.1183589565577106
2.7934041346921088
2.4082995908401137
1.9595408362504525
1.4716062351784691
0.99261898595953746
0.10777544855634727
0.89291948772561816E-1
0.70114657057135987E-1
0.51787512498866532E-1
0.47336069684836585E-1
5.1479720244411924
5.1893055941319961
5.0288964992332765
4.7725064954106253
4.4598002373185146
3.8950386622111450
3.2330602288471519
2.4469594299960082
1.6588031895195068
0.18176278210879093
0.15022603180186314
0.11867214862324828
0.86769803635739134E-1
0.56315625548085252E-1
0.21295325510652333E-1
0.29989437488470647E-2
11.160001134164608
10.824745152003930
8.6553515851539267
5.4842514585772131
1.7430897229283633
0.27507082824319207
0.14744749670273510
0.25177532685419876E-1
5.6391799212746729
4.9520755569952550
2.1072653087690880
1.8011478082605565
1.4592736692393888
1.0848421671157356
0.72439024564770227
0.78183909618586442E-1
0.64576976644731401E-1
0.50645230543095408E-1
0.61738313320419756E-1
0.10338596310687106E-1
4.4163623266660741
3.8748694743618310
2.9915267764926492
1.9754586321533565
0.64035497923258922
0.92236389485235132E-1
0.48084003424329079E-1
0.74726575478273327E-2
3.7968532907700618
3.1960986708968773
2.6435171263555253
2.2317922276629640
2.0739120057165148
1.8217300420567708
1.4848618594498737
1.1025842972548123
0.81837382674996362
0.11871728395866189
0.51895387701225419E-1
0.77469405785842178E-2
1.6769898725110177
1.3817217967150293
1.1099319941279768
0.72818958903615005
0.27047997846304506
0.20154266389809175E-1
1.4235166288563144
1.3477634324573446
2.7008890602839859
2.1827059986874304
1.5058896991748338
0.47467225848085931
0.95597219043816906E-1
0.18396736866335733E-1
0.31988164976521477
0.35694345971108554
0.42979363312192109
0.42125773952221474
0.70631411670622590
0.47362725002889544
0.17421325273066446
0.17314417500878556E-1
0.33834278596971029
0.25709741587901813
0.12784602748494270
0.63009166603301085E-2
0.29274440575040256
0.14753163701698203E-1
0.24135940920876456
0.21805032724084222E-1
0.13708193485818881
0.38740938848003864E-1
10.133420075254250
9.0211164630932075
12.168983423861404
8.5280270206034494
5.6020479220380217
1.8282691007493503
0.27626661948228132
0.15158359054484769
0.25382004615875687E-1
0.36508382422157817E-2
8.3016145842427278
7.7205826140129004
7.2388377110586148
6.5164736399620731
5.8837718694153827
5.0894753312110508
4.0531918948560746
3.0619422354439325
2.2753911016204320
0.32113794030270182
0.16687319235667805
0.27628602079431547E-1
7.4020667980224788
7.2417503435731101
6.8112468958323120
6.2242818983141301
5.4070350267295799
4.5726297788243206
3.7083839268035192
2.7663398524334157
1.8779808450925610
0.20258535772131617
0.16765572505234141
0.13189926816375802
0.96119255085906491E-1
0.61215415179775391E-1
0.23069838707196911E-1
0.32461588116729622E-2
3.7311927211345912
3.5673212842449815
3.3643026062168722
3.1198312806415611
2.7972076385753906
2.4121337681418082
1.9639516738183225
1.4756459243835349
0.99579368476534091
0.10822788147794728
0.89615246602640738E-1
0.70319555492138558E-1
0.52016029466047539E-1
0.47495970215026474E-1
5.1471247783618619
5.1882930317445046
5.0292684609266409
4.7730437734121516
4.4603995089356019
3.8953899593659891
3.2330953585626361
2.4469490977267485
1.6588052559733590
0.18176278210879093
0.15022603180186314
0.11867194197786307
0.86769803635739134E-1
0.56315625548085252E-1
0.21295325510652333E-1
0.29989437488470647E-2
11.160001134164608
10.824745152003930
8.6553515851539267
5.4842514585772131
1.7430897229283633
0.27507082824319207
0.14744749670273510
0.25177532685419876E-1
5.6388683878366201
4.9522777804550442
2.1072270502766957
1.8012276045446893
1.4592496210441706
1.0850012131341096
0.72432356656096120
0.78187571502858280E-1
0.64588891432362183E-1
0.50623259237464344E-1
0.61728147492441203E-1
0.10348195912978250E-1
4.4163623266660741
3.8748694743618310
2.9915267764926492
1.9754586321533565
0.64035497923258922
0.92236389485235132E-1
0.48084003424329079E-1
0.74726575478273327E-2
3.7968532907700618
3.1960986708968773
2.6435171263555253
2.2317922276629640
2.0739120057165148
1.8217300420567708
1.4848618594498737
1.1025842972548123
0.81837382674996362
0.11871728395866189
0.51895387701225419E-1
0.77469405785842178E-2
1.6769898725110177
1.3817217967150293
1.1099319941279768
0.72818958903615005
0.27047997846304506
0.20154266389809175E-1
1.4235166288563144
1.3477634324573446
2.7008890602839859
2.1827059986874304
1.5058896991748338
0.47467225848085931
0.95597219043816906E-1
0.18396736866335733E-1
0.32030002770347116
0.36043785454754396
0.43497277824873709
0.42678990170739001
0.70110726944371049
0.46715150661641502
0.17136208892827384
0.17221467953496328E-1
0.33834603430838672
0.25709523764948683
0.12784475683173474
0.63011160730949145E-2
0.29274440575040256
0.14753163701698203E-1
0.24135940920876456
0.21805032724084222E-1
0.13708195148183244
0.38740922251976735E-1
10.133420075254250
9.0211164630932075
12.168983423861404
8.5280270206034494
5.6020479220380217
1.8282691007493503
0.27626661948228132
0.15158359054484769
0.25382004615875687E-1
0.36508382422157817E-2
8.3016145842427278
7.7205826140129004
7.2388377110586148
6.5164736399620731
5.8837718694153827
5.0894753312110508
4.0531918948560746
3.0619422354439325
2.2753911016204320
0.32113794030270182
0.16687319235667805
0.27628602079431547E-1
7.3819077902932992
7.2196318062766940
6.8126468765775732
6.2184490600267228
5.4012196559609285
4.5887071301807065
3.7177551771648769
2.7786031217175147
1.8879704274476461
0.20357415357296865
0.16827887328410576
0.13288271832128087
0.98070627412735853E-1
0.61305552996815338E-1
0.23069838707196911E-1
0.32461588116729622E-2
3.7602438851767088
3.5847824825800076
3.3726900813996359
3.1161712914709008
2.7877526665511838
2.4026025463432132
1.9529869562612190
1.4656038290965354
0.98790183311610436
0.10710319730571306
0.88811573980583217E-1
0.69810206999221650E-1
0.51447968646851278E-1
0.47098480141137863E-1
5.1501987739897110
5.1919668313973002
5.0279189018705113
4.7710944103310755
4.4582252193451710
3.8941153758129787
3.2329679002073348
2.4469865854783075
1.6587977584230469
0.18176278210879093
0.15022603180186314
0.11867269173289426
0.86769803635739134E-1
0.56315625548085252E-1
0.21295325510652333E-1
0.29989437488470647E-2
11.160001134164608
10.824745152003930
8.6553515851539267
5.4842514585772131
1.7430897229283633
0.27507082824319207
0.14744749670273510
0.25177532685419876E-1
5.6400029870934372
4.9515412862006185
2.1073663870275325
1.8009369878929433
1.4593372041446968
1.0844219703556295
0.72456641061242022
0.78174234985278160E-1
0.64545497987101491E-1
0.50703278342945086E-1
0.61765171257663634E-1
0.10313234331668208E-1
4.4163623266660741
3.8748694743618310
2.9915267764926492
1.9754586321533565
0.64035497923258922
0.92236389485235132E-1
0.48084003424329079E-1
0.74726575478273327E-2
3.7968532907700618
3.1960986708968773
2.6435171263555253
2.2317922276629640
2.0739120057165148
1.8217300420567708
1.4848618594498737
1.1025842972548123
0.81837382674996362
0.11871728395866189
0.51895387701225419E-1
0.77469405785842178E-2
1.6769898725110177
1.3817217967150293
1.1099319941279768
0.72818958903615005
0.27047997846304506
0.20154266389809175E-1
1.4235166288563144
1.3477634324573446
2.7008890602839859
2.1827059986874304
1.5058896991748338
0.47467225848085931
0.95597219043816906E-1
0.18396736866335733E-1
0.32901877765094345
0.35492181499047504
0.41394711664377332
0.41127310991954902
0.71505397816214034
0.47565684007810216
0.18216114148838683
0.17315026642737607E-1
0.33833816247285597
0.25710051624458619
0.12784783605901540
0.63006328277674965E-2
0.29274440575040256
0.14753163701698203E-1
0.24135940920876456
0.21805032724084222E-1
0.13708191119807686
0.38740962468809745E-1
10.133420075254250
9.0211164630932075
12.168983423861404
8.5280270206034494
5.6020479220380217
1.8282691007493503
0.27626661948228132
0.15158359054484769
0.25382004615875687E-1
0.36508382422157817E-2
8.3016145842427278
7.7205826140129004
7.2388377110586148
6.5164736399620731
5.8837718694153827
5.0894753312110508
4.0531918948560746
3.0619422354439325
2.2753911016204320
0.32113794030270182
0.16687319235667805
0.27628602079431547E-1
7.3783623383227264
7.2148757121698264
6.8137710442755601
6.2161142501924429
5.4011331815226216
4.5917077931899479
3.7194327812680270
2.7807563352313514
1.8896480315507953
0.20397971868862697
0.16848554719165870
0.13276857206271608
0.98629252284197014E-1
0.61336683794605745E-1
0.23069838707196911E-1
0.32461588116729622E-2
3.7638160318326168
3.5869295208587553
3.3737214098304760
3.1157212572465345
2.7865900781382376
2.4014305822172592
1.9516387287307213
1.4643690476934299
0.98693144681981415
0.10696490553885046
0.88712753965482755E-1
0.69747577236330655E-1
0.51378119584944419E-1
0.47049604549229081E-1
5.1509371569282898
5.1928492890556006
5.0275947337511360
4.7706261674919777
4.4577029484861779
3.8938092170335685
3.2329372843293940
2.4469955901482905
1.6587959574890507
0.18176278210879093
0.15022603180186314
0.11867287182629391
0.86769803635739134E-1
0.56315625548085252E-1
0.21295325510652333E-1
0.29989437488470647E-2
11.160001134164608
10.824745152003930
8.6553515851539267
5.4842514585772131
1.7430897229283633
0.27507082824319207
0.14744749670273510
0.25177532685419876E-1
5.6402800149439072
4.9513614611046997
2.1074004079916255
1.8008660298821211
1.4593585887506981
1.0842805403477578
0.72462570429269635
0.78170978693000701E-1
0.64534902886855414E-1
0.50722816096609849E-1
0.61774211113836887E-1
0.10304697985763530E-1
4.4163623266660741
3.8748694743618310
2.9915267764926492
1.9754586321533565
0.64035497923258922
0.92236389485235132E-1
0.48084003424329079E-1
0.74726575478273327E-2
3.7968532907700618
3.1960986708968773
2.6435171263555253
2.2317922276629640
2.0739120057165148
1.8217300420567708
1.4848618594498737
1.1025842972548123
0.81837382674996362
0.11871728395866189
0.51895387701225419E-1
0.77469405785842178E-2
1.6769898725110177
1.3817217967150293
1.1099319941279768
0.72818958903615005
0.27047997846304506
0.20154266389809175E-1
1.4235166288563144
1.3477634324573446
2.7008890602839859
2.1827059986874304
1.5058896991748338
0.47467225848085931
0.95597219043816906E-1
0.18396736866335733E-1
0.33093706641086040
0.35449738201847414
0.41062022937415893
0.40917689292682813
0.71688886306293043
0.47608294112728561
0.18382975616245992
0.17315154528654935E-1
0.33833724004464144
0.25710113479473684
0.12784819688542134
0.63005762006793373E-2
0.29274440575040256
0.14753163701698203E-1
0.24135940920876456
0.21805032724084222E-1
0.13708190647781995
0.38740967181225029E-1
10.133420075254250
9.0211164630932075
12.168983423861404
8.5280270206034494
5.6020479220380217
1.8282691007493503
0.27626661948228132
0.15158359054484769
0.25382004615875687E-1
0.36508382422157817E-2
8.3016145842427278
7.7205826140129004
7.2388377110586148
6.5164736399620731
5.8837718694153827
5.0894753312110508
4.0531918948560746
3.0619422354439325
2.2753911016204320
0.32113794030270182
0.16687319235667805
0.27628602079431547E-1
7.3783623383227264
7.2148757121698264
6.8137710442755601
6.2161142501924429
5.4011331815226216
4.5917077931899479
3.7194327812680270
2.7807563352313514
1.8896480315507953
0.20397971868862694
0.16848554719165870
0.13276857206271608
0.98629252284196944E-1
0.61336683794605738E-1
0.23069838707196911E-1
0.32461588116729622E-2
3.7638160318326168
3.5869295208587548
3.3737214098304760
3.1157212572465345
2.7865900781382376
2.4014305822172592
1.9516387287307213
1.4643690476934299
0.98693144681981415
0.10696490553885049
0.88712753965482768E-1
0.69747577236330655E-1
0.51378119584944419E-1
0.47049604549229081E-1
5.1509371569282898
5.1928492890556006
5.0275947337511360
4.7706261674919777
4.4577029484861779
3.8938092170335685
3.2329372843293940
2.4469955901482905
1.6587959574890507
0.18176278210879093
0.15022603180186314
0.11867287182629391
0.86769803635739134E-1
0.56315625548085252E-1
0.21295325510652333E-1
0.29989437488470647E-2
11.160001134164608
10.824745152003930
8.6553515851539267
5.4842514585772131
1.7430897229283633
0.27507082824319207
0.14744749670273510
0.25177532685419876E-1
5.6402800149439072
4.9513614611046997
2.1074004079916255
1.8008660298821211
1.4593585887506981
1.0842805403477578
0.72462570429269635
0.78170978693000701E-1
0.64534902886855414E-1
0.50722816096609849E-1
0.61774211113836887E-1
0.10304697985763531E-1
4.4163623266660741
3.8748694743618310
2.9915267764926492
1.9754586321533565
0.64035497923258922
0.92236389485235132E-1
0.48084003424329079E-1
0.74726575478273327E-2
3.7968532907700618
3.1960986708968773
2.6435171263555253
2.2317922276629640
2.0739120057165148
1.8217300420567708
1.4848618594498737
1.1025842972548123
0.81837382674996362
0.11871728395866189
0.51895387701225419E-1
0.77469405785842178E-2
1.6769898725110177
1.3817217967150293
1.1099319941279768
0.72818958903615005
0.27047997846304506
0.20154266389809175E-1
1.4235166288563144
1.3477634324573446
2.7008890602839859
2.1827059986874304
1.5058896991748338
0.47467225848085931
0.95597219043816906E-1
0.18396736866335733E-1
0.33093706641086024
0.35449738201847419
0.41062022937415915
0.40917689292682835
0.71688886306293031
0.47608294112728561
0.18382975616245975
0.17315154528654935E-1
0.33833724004464144
0.25710113479473684
0.12784819688542134
0.63005762006793373E-2
0.29274440575040256
0.14753163701698203E-1
0.24135940920876456
0.21805032724084222E-1
0.13708190647781995
0.38740967181225029E-1
10.133420075254250
9.0211164630932075
12.168983423861404
8.5280270206034494
5.6020479220380217
1.8282691007493503
0.27626661948228132
0.15158359054484769
0.25382004615875687E-1
0.36508382422157817E-2
8.3016145842427278
7.7205826140129004
7.2388377110586148
6.5164736399620731
5.8837718694153827
5.0894753312110508
4.0531918948560746
3.0619422354439325
2.2753911016204320
0.32113794030270182
0.16687319235667805
0.27628602079431547E-1
7.3870306460018726
7.2265039297881941
6.8110225564748541
6.2218226479323686
5.4013446036611370
4.5843714449834509
3.7153311917808205
2.7754919239823086
1.8855464420635895
0.20298814885898794
0.16798024828060601
0.13304764928555690
0.97263465269385077E-1
0.61260571824740061E-1
0.23069838707196911E-1
0.32461588116729622E-2
3.7547125163902515
3.5814578540968087
3.3710930982854359
3.1168681568298244
2.7895529020617369
2.4044172998820765
1.9550746487323278
1.4675158534250823
0.98940444904628333
0.10731733822329899
0.88964593998980213E-1
0.69907187428338527E-1
0.51556127957767567E-1
0.47174162622722636E-1
5.1492956937195169
5.1908875403426764
5.0283153761354749
4.7716670953804678
4.4588639834387243
3.8944898237298888
3.2330053449990257
2.4469755723042805
1.6587999610578523
0.18176278210879093
0.15022603180186314
0.11867247146941372
0.86769803635739134E-1
0.56315625548085252E-1
0.21295325510652333E-1
0.29989437488470647E-2
11.160001134164608
10.824745152003930
8.6553515851539267
5.4842514585772131
1.7430897229283633
0.27507082824319207
0.14744749670273510
0.25177532685419876E-1
5.6396631009690603
4.9517619140357416
2.1073246466262936
1.8010240464440996
1.4593109673210605
1.0845954911664959
0.72449366305597462
0.78178230137968222E-1
0.64558497140630278E-1
0.50679307426804807E-1
0.61754080236762911E-1
0.10323707594630589E-1
4.4163623266660741
3.8748694743618310
2.9915267764926492
1.9754586321533565
0.64035497923258922
0.92236389485235132E-1
0.48084003424329079E-1
0.74726575478273327E-2
3.7968532907700618
3.1960986708968773
2.6435171263555253
2.2317922276629640
2.0739120057165148
1.8217300420567708
1.4848618594498737
1.1025842972548123
0.81837382674996362
0.11871728395866189
0.51895387701225419E-1
0.77469405785842178E-2
1.6769898725110177
1.3817217967150293
1.1099319941279768
0.72818958903615005
0.27047997846304506
0.20154266389809175E-1
1.4235166288563144
1.3477634324573446
2.7008890602839859
2.1827059986874304
1.5058896991748338
0.47467225848085931
0.95597219043816906E-1
0.18396736866335733E-1
0.32607468380371463
0.35557321353251892
0.41905305718075464
0.41449027913811493
0.71223788839522584
0.47500288145445207
0.17960023496691666
0.17314830369814457E-1
0.33833960981119154
0.25709954570689963
0.12784726990342568
0.63007216786441552E-2
0.29274440575040256
0.14753163701698203E-1
0.24135940920876456
0.21805032724084222E-1
0.13708191860450400
0.38740955074686778E-1
10.133420075254250
9.0211164630932075
12.168983423861404
8.5280270206034494
5.6020479220380217
1.8282691007493503
0.27626661948228132
0.15158359054484769
0.25382004615875687E-1
0.36508382422157817E-2
8.3016145842427278
7.7205826140129004
7.2388377110586148
6.5164736399620731
5.8837718694153827
5.0894753312110508
4.0531918948560746
3.0619422354439325
2.2753911016204320
0.32113794030270182
0.16687319235667805
0.27628602079431547E-1
7.3865962195075499
7.2259211625397120
6.8111603014608599
6.2215365621922052
5.4013340078929826
4.5847391181384021
3.7155367496830127
2.7757557586093484
1.8857519999657812
0.20303784301163127
0.16800557216649459
0.13303366287159332
0.97331913931661337E-1
0.61264386301275585E-1
0.23069838707196911E-1
0.32461588116729622E-2
3.7551997045356269
3.5817506784676514
3.3712337562801640
3.1168067787957616
2.7893943421404073
2.4042574612517047
1.9548907703719471
1.4673474474441217
0.98927210266033505
0.10729847726491504
0.88951116405667205E-1
0.69898645651931421E-1
0.51546601575397366E-1
0.47167496712481584E-1
5.1493658670679041
5.1909714060517258
5.0282845683239881
4.7716225952083198
4.4588143486313276
3.8944607274634846
3.2330024353723856
2.4469764280768223
1.6587997899033442
0.18176278210879093
0.15022603180186314
0.11867248858486454
0.86769803635739134E-1
0.56315625548085252E-1
0.21295325510652333E-1
0.29989437488470647E-2
11.160001134164608
10.824745152003930
8.6553515851539267
5.4842514585772131
1.7430897229283633
0.27507082824319207
0.14744749670273510
0.25177532685419876E-1
5.6396894261094674
4.9517448257867045
2.1073278795382731
1.8010173035133985
1.4593129994371623
1.0845820514895503
0.72449929755971121
0.78177920702107259E-1
0.64557490319470806E-1
0.50681164041970456E-1
0.61754939267660451E-1
0.10322896410830356E-1
4.4163623266660741
3.8748694743618310
2.9915267764926492
1.9754586321533565
0.64035497923258922
0.92236389485235132E-1
0.48084003424329079E-1
0.74726575478273327E-2
3.7968532907700618
3.1960986708968773
2.6435171263555253
2.2317922276629640
2.0739120057165148
1.8217300420567708
1.4848618594498737
1.1025842972548123
0.81837382674996362
0.11871728395866189
0.51895387701225419E-1
0.77469405785842178E-2
1.6769898725110177
1.3817217967150293
1.1099319941279768
0.72818958903615005
0.27047997846304506
0.20154266389809175E-1
1.4235166288563144
1.3477634324573446
2.7008890602839859
2.1827059986874304
1.5058896991748338
0.47467225848085931
0.95597219043816906E-1
0.18396736866335733E-1
0.32633271787190804
0.35551612193675441
0.41860554882094092
0.41420831147519049
0.71248470359088911
0.47506019742766720
0.17982468471692040
0.17314847572085668E-1
0.33833948139538006
0.25709963181833712
0.12784732013586109
0.63007137953060705E-2
0.29274440575040256
0.14753163701698203E-1
0.24135940920876456
0.21805032724084222E-1
0.13708191794736035
0.38740955730738727E-1
10.133420075254250
9.0211164630932075
12.168983423861404
8.5280270206034494
5.6020479220380217
1.8282691007493503
0.27626661948228132
0.15158359054484769
0.25382004615875687E-1
0.36508382422157817E-2
8.3016145842427278
7.7205826140129004
7.2388377110586148
6.5164736399620731
5.8837718694153827
5.0894753312110508
4.0531918948560746
3.0619422354439325
2.2753911016204320
0.32113794030270182
0.16687319235667805
0.27628602079431547E-1
7.3903666868798545
7.2309791065757327
6.8099647874159821
6.2240195529007964
5.4014259705118199
4.5815480152647678
3.7137526748775804
2.7734658894003141
1.8839679251603487
0.20260653832928702
0.16778578150747483
0.13315505352845777
0.96737835413976112E-1
0.61231279758494357E-1
0.23069838707196911E-1
0.32461588116729622E-2
3.7508513635569010
3.5791371086930361
3.3699783297508730
3.1173546012812703
2.7908095502279715
2.4056840823077170
1.9565319552347840
1.4688505353887362
0.99045334489471326
0.10746681854952449
0.89071409093110163E-1
0.69974884281164718E-1
0.51631628190335697E-1
0.47226992517001520E-1
5.1487908016316268
5.1902841327254423
5.0285370360765000
4.7719872708508380
4.4592211022325978
3.8946991692297455
3.2330262795490117
2.4469694150836969
1.6588011925019694
0.18176278210879093
0.15022603180186314
0.11867234832500204
0.86769803635739134E-1
0.56315625548085252E-1
0.21295325510652333E-1
0.29989437488470647E-2
11.160001134164608
10.824745152003930
8.6553515851539267
5.4842514585772131
1.7430897229283633
0.27507082824319207
0.14744749670273510
0.25177532685419876E-1
5.6394763707005895
4.9518831249117650
2.1073017148389370
1.8010718756005848
1.4592965530547226
1.0846908218825040
0.72445369622658284
0.78180425037615145E-1
0.64565638754406851E-1
0.50666138028923266E-1
0.61747986933265477E-1
0.10329461507675154E-1
4.4163623266660741
3.8748694743618310
2.9915267764926492
1.9754586321533565
0.64035497923258922
0.92236389485235132E-1
0.48084003424329079E-1
0.74726575478273327E-2
3.7968532907700618
3.1960986708968773
2.6435171263555253
2.2317922276629640
2.0739120057165148
1.8217300420567708
1.4848618594498737
1.1025842972548123
0.81837382674996362
0.11871728395866189
0.51895387701225419E-1
0.77469405785842178E-2
1.6769898725110177
1.3817217967150293
1.1099319941279768
0.72818958903615005
0.27047997846304506
0.20154266389809175E-1
1.4235166288563144
1.3477634324573446
2.7008890602839859
2.1827059986874304
1.5058896991748338
0.47467225848085931
0.95597219043816906E-1
0.18396736866335733E-1
0.32403828853816397
0.35602377828209486
0.42258477650603332
0.41671555744278921
0.71029003205426422
0.47455054592638435
0.17782888589095278
0.17314694610130087E-1
0.33834063405348846
0.25709885888355993
0.12784686925038735
0.63007845560127439E-2
0.29274440575040256
0.14753163701698203E-1
0.24135940920876456
0.21805032724084222E-1
0.13708192384590348
0.38740949841994714E-1
10.133420075254250
9.0211164630932075
12.168983423861404
8.5280270206034494
5.6020479220380217
1.8282691007493503
0.27626661948228132
0.15158359054484769
0.25382004615875687E-1
0.36508382422157817E-2
8.3016145842427278
7.7205826140129004
7.2388377110586148
6.5164736399620731
5.8837718694153827
5.0894753312110508
4.0531918948560746
3.0619422354439325
2.2753911016204320
0.32113794030270182
0.16687319235667805
0.27628602079431547E-1
7.3894404907174849
7.2297366483091405
6.8102584593699040
6.2234096188426511
5.4014033803615185
4.5823318934802364
3.7141909237934327
2.7740283841428259
1.8844061740762019
0.20271248613420195
0.16783977196669589
0.13312523453005956
0.96883767784925037E-1
0.61239412212602970E-1
0.23069838707196911E-1
0.32461588116729622E-2
3.7519451428541757
3.5797945245961227
3.3702941190492988
3.1172168023146845
2.7904535695642916
2.4053252308322333
1.9561191324973872
1.4684724494741668
0.99015621587301272
0.10742447407541741
0.89041150736697369E-1
0.69955707258314861E-1
0.51610240642396867E-1
0.47212026975067947E-1
5.1489252379167043
5.1904448004807797
5.0284780152684174
4.7719020185724954
4.4591260131529085
3.8946434273554447
3.2330207053615818
2.4469710545505881
1.6588008646085910
0.18176278210879093
0.15022603180186314
0.11867238111433985
0.86769803635739134E-1
0.56315625548085252E-1
0.21295325510652333E-1
0.29989437488470647E-2
11.160001134164608
10.824745152003930
8.6553515851539267
5.4842514585772131
1.7430897229283633
0.27507082824319207
0.14744749670273510
0.25177532685419876E-1
5.6395252612264919
4.9518513889563556
2.1073077189386096
1.8010593527641257
1.4593003270602309
1.0846658619824379
0.72446416051458307
0.78179850359503644E-1
0.64563768906223215E-1
0.50669586097592180E-1
0.61749582308321255E-1
0.10327954993294535E-1
4.4163623266660741
3.8748694743618310
2.9915267764926492
1.9754586321533565
0.64035497923258922
0.92236389485235132E-1
0.48084003424329079E-1
0.74726575478273327E-2
3.7968532907700618
3.1960986708968773
2.6435171263555253
2.2317922276629640
2.0739120057165148
1.8217300420567708
1.4848618594498737
1.1025842972548123
0.81837382674996362
0.11871728395866189
0.51895387701225419E-1
0.77469405785842178E-2
1.6769898725110177
1.3817217967150293
1.1099319941279768
0.72818958903615005
0.27047997846304506
0.20154266389809175E-1
1.4235166288563144
1.3477634324573446
2.7008890602839859
2.1827059986874304
1.5058896991748338
0.47467225848085931
0.95597219043816906E-1
0.18396736866335733E-1
0.32461360453571758
0.35589648614350566
0.42158700624940643
0.41608687880198414
0.71084033431279392
0.47467833833975398
0.17832932187108574
0.17314732964529924E-1
0.33834034273124330
0.25709905423471646
0.12784698320696089
0.63007666719864346E-2
0.29274440575040256
0.14753163701698203E-1
0.24135940920876456
0.21805032724084222E-1
0.13708192235510155
0.38740951330319996E-1
10.133420075254250
9.0211164630932075
12.168983423861404
8.5280270206034494
5.6020479220380217
1.8282691007493503
0.27626661948228132
0.15158359054484769
0.25382004615875687E-1
0.36508382422157817E-2
8.3016145842427278
7.7205826140129004
7.2388377110586148
6.5164736399620731
5.8837718694153827
5.0894753312110508
4.0531918948560746
3.0619422354439325
2.2753911016204320
0.32113794030270182
0.16687319235667805
0.27628602079431547E-1
7.3814760559493680
7.2190526504494699
6.8127837679549170
6.2181647471660852
5.4012091258549786
4.5890725248571558
3.7179594612202984
2.7788653213556591
1.8881747115030671
0.20362353976987202
0.16830404023732518
0.13286881858142749
0.98138651897169929E-1
0.61309343834957175E-1
0.23069838707196911E-1
0.32461588116729622E-2
3.7606895774855733
3.5850503658837605
3.3728187589691241
3.1161151412587604
2.7876076118364876
2.4024563218324309
1.9528187395840146
1.4654497669519748
0.98778075922117636
0.10708594281344073
0.88799244329834034E-1
0.69802392761365434E-1
0.51439253666008648E-1
0.47092381994140189E-1
5.1502831875437236
5.1920677158886805
5.0278818422614329
4.7710408797846293
4.4581655121972128
3.8940803750710713
3.2329644001331443
2.4469876149118930
1.6587975525363299
0.18176278210879093
0.15022603180186314
0.11867271232156597
0.86769803635739134E-1
0.56315625548085252E-1
0.21295325510652333E-1
0.29989437488470647E-2
11.160001134164608
10.824745152003930
8.6553515851539267
5.4842514585772131
1.7430897229283633
0.27507082824319207
0.14744749670273510
0.25177532685419876E-1
5.6400348729435992
4.9515205883680578
2.1073703028336932
1.8009288206400944
1.4593396655085691
1.0844056917900204
0.72457323530315676
0.78173860186688524E-1
0.64544278493182991E-1
0.50705527134482863E-1
0.61766211743300527E-1
0.10312251799962495E-1
4.4163623266660741
3.8748694743618310
2.9915267764926492
1.9754586321533565
0.64035497923258922
0.92236389485235132E-1
0.48084003424329079E-1
0.74726575478273327E-2
3.7968532907700618
3.1960986708968773
2.6435171263555253
2.2317922276629640
2.0739120057165148
1.8217300420567708
1.4848618594498737
1.1025842972548123
0.81837382674996362
0.11871728395866189
0.51895387701225419E-1
0.77469405785842178E-2
1.6769898725110177
1.3817217967150293
1.1099319941279768
0.72818958903615005
0.27047997846304506
0.20154266389809175E-1
1.4235166288563144
1.3477634324573446
2.7008890602839859
2.1827059986874304
1.5058896991748338
0.47467225848085931
0.95597219043816906E-1
0.18396736866335733E-1
0.32925738749554950
0.35486902112147528
0.41353329570554354
0.41101236814732733
0.71528221366567646
0.47570984143392342
0.18236869516664805
0.17315042550060580E-1
0.33833804686184071
0.25710059376954669
0.12784788128259644
0.63006257305050209E-2
0.29274440575040256
0.14753163701698203E-1
0.24135940920876456
0.21805032724084222E-1
0.13708191060646868
0.38740963059435120E-1
10.133420075254250
9.0211164630932075
12.168983423861404
8.5280270206034494
5.6020479220380217
1.8282691007493503
0.27626661948228132
0.15158359054484769
0.25382004615875687E-1
0.36508382422157817E-2
8.3016145842427278
7.7205826140129004
7.2388377110586148
6.5164736399620731
5.8837718694153827
5.0894753312110508
4.0531918948560746
3.0619422354439325
2.2753911016204320
0.32113794030270182
0.16687319235667805
0.27628602079431547E-1
7.3669761534760889
7.2050852119430262
6.8132555371394377
6.2067632586615540
5.4024269400613711
4.6019467615682110
3.7241426615305824
2.7877765874263010
1.8940944951788083
0.20490392294686663
0.16907204198858922
0.13316352178225432
0.99521055680563159E-1
0.61677555171835735E-1
0.23228458237402463E-1
0.33122194319951015E-2
3.7714201196424435
3.5914999568389394
3.3759168157598221
3.1147632619319108
2.7841152569087928
2.3989358027520926
1.9487687344339941
1.4617405480489312
0.98486576942265658
0.10667052156196087
0.88502394160979964E-1
0.69614256221712176E-1
0.51229430728820510E-1
0.46945562266413790E-1
5.1531691186951960
5.1955167555575130
5.0266148480973722
4.7692107771032077
4.4561242438217805
3.8928837694716805
3.2328447395732054
2.4470228091942281
1.6587905136798629
0.18176278210879093
0.15022603180186314
0.11867341620721265
0.86769803635739134E-1
0.56315625548085252E-1
0.21295325510652333E-1
0.29989437488470647E-2
11.160001134164608
10.824745152003930
8.6553515851539267
5.4842514585772131
1.7430897229283633
0.27507082824319207
0.14744749670273510
0.25177532685419876E-1
5.6410178141497056
4.9508825388132163
2.1074910149116359
1.8006770497346709
1.4594155416718473
1.0839038744374290
0.72478361921042866
0.78162306316371125E-1
0.64506685303195047E-1
0.50774850356387236E-1
0.61798286666868207E-1
0.10281963415148358E-1
4.4163623266660741
3.8748694743618310
2.9915267764926492
1.9754586321533565
0.64035497923258922
0.92236389485235132E-1
0.48084003424329079E-1
0.74726575478273327E-2
3.7968532907700618
3.1960986708968773
2.6435171263555253
2.2317922276629640
2.0739120057165148
1.8217300420567708
1.4848618594498737
1.1025842972548123
0.81837382674996362
0.11871728395866189
0.51895387701225419E-1
0.77469405785842178E-2
1.6769898725110177
1.3817217967150293
1.1099319941279768
0.72818958903615005
0.27047997846304506
0.20154266389809175E-1
1.4235166288563144
1.3477634324573446
2.7008890602839859
2.1827059986874304
1.5058896991748338
0.47467225848085931
0.95597219043816906E-1
0.18396736866335733E-1
0.33506571888728964
0.35358389272658786
0.40345990937880571
0.40466529297432430
0.72083800890994976
0.47700002055176022
0.18742104557115991
0.17315429772153362E-1
0.33833530773343834
0.25710243053934523
0.12784895274793245
0.63004575777283918E-2
0.29274440575040256
0.14753163701698203E-1
0.24135940920876456
0.21805032724084222E-1
0.13708189658993608
0.38740977052682340E-1
10.133420075254250
9.0211164630932075
12.168983423861404
8.5280270206034494
5.6020479220380217
1.8282691007493503
0.27626661948228132
0.15158359054484769
0.25382004615875687E-1
0.36508382422157817E-2
8.3016145842427278
7.7205826140129004
7.2388377110586148
6.5164736399620731
5.8837718694153827
5.0894753312110508
4.0531918948560746
3.0619422354439325
2.2753911016204320
0.32113794030270182
0.16687319235667805
0.27628602079431547E-1
7.3732511749287362
7.2080192734705735
6.8153916570590187
6.2127483621037181
5.4010085190008175
4.5960335826965677
3.7218512341910359
2.7838604320242859
1.8920664844738049
0.20456438591589057
0.16878349061877174
0.13260401753393400
0.99434572175054720E-1
0.61381562302455395E-1
0.23069838707196911E-1
0.32461588116729622E-2
3.7686347803886528
3.5898258290459792
3.3751126495710637
3.1151141708142784
2.7850217715215750
2.3998496279665908
1.9498199989607525
1.4627033542949262
0.98562241670026096
0.10677835293727163
0.88579447903066419E-1
0.69663091041174949E-1
0.51283894711604598E-1
0.46983672433159214E-1
5.1522175424849985
5.1943795059404492
5.0270326132628247
4.7698142156755274
4.4567973099216758
3.8932783254612739
3.2328841951721645
2.4470112046062984
1.6587928345974490
0.18176278210879093
0.15022603180186314
0.11867318411545408
0.86769803635739134E-1
0.56315625548085252E-1
0.21295325510652333E-1
0.29989437488470647E-2
11.160001134164608
10.824745152003930
8.6553515851539267
5.4842514585772131
1.7430897229283633
0.27507082824319207
0.14744749670273510
0.25177532685419876E-1
5.6407005258845277
4.9510884978625427
2.1074520496860876
1.8007583200622430
1.4593910492443598
1.0840658584464939
0.72471570838875887
0.78166035845102191E-1
0.64518820187722939E-1
0.50752473184000932E-1
0.61787933049793957E-1
0.10291740346884499E-1
4.4163623266660741
3.8748694743618310
2.9915267764926492
1.9754586321533565
0.64035497923258922
0.92236389485235132E-1
0.48084003424329079E-1
0.74726575478273327E-2
3.7968532907700618
3.1960986708968773
2.6435171263555253
2.2317922276629640
2.0739120057165148
1.8217300420567708
1.4848618594498737
1.1025842972548123
0.81837382674996362
0.11871728395866189
0.51895387701225419E-1
0.77469405785842178E-2
1.6769898725110177
1.3817217967150293
1.1099319941279768
0.72818958903615005
0.27047997846304506
0.20154266389809175E-1
1.4235166288563144
1.3477634324573446
2.7008890602839859
2.1827059986874304
1.5058896991748338
0.47467225848085931
0.95597219043816906E-1
0.18396736866335733E-1
0.33354622301711628
0.35392009036356342
0.40609517033239151
0.40632572759187607
0.71938457807760992
0.47666250161402790
0.18609931906202135
0.17315328472428684E-1
0.33833601064901564
0.25710195918718004
0.12784867778832321
0.63005007291213515E-2
0.29274440575040256
0.14753163701698203E-1
0.24135940920876456
0.21805032724084222E-1
0.13708190018682093
0.38740973461772923E-1
10.133420075254250
9.0211164630932075
12.168983423861404
8.5280270206034494
5.6020479220380217
1.8282691007493503
0.27626661948228132
0.15158359054484769
0.25382004615875687E-1
0.36508382422157817E-2
8.3016145842427278
7.7205826140129004
7.2388377110586148
6.5164736399620731
5.8837718694153827
5.0894753312110508
4.0531918948560746
3.0619422354439325
2.2753911016204320
0.32113794030270182
0.16687319235667805
0.27628602079431547E-1
7.3569950323682471
7.2007404886372601
6.8096153635589305
6.1971344124163412
5.4047754391455705
4.6113877278866875
3.7277476076248259
2.7940118524948478
1.8972649689424763
0.20542176699493231
0.16952647656138159
0.13409822441776523
0.99605601647594300E-1
0.62162520232722673E-1
0.23490081035382145E-1
0.34211780470064786E-2
3.7754493811494667
3.5939217439389615
3.3770801196069939
3.1142556384349622
2.7828038962083439
2.3976138665621245
1.9472479790410546
1.4603477560791802
0.98377120625736292
0.10651453309154461
0.88390928501441840E-1
0.69543611951720277E-1
0.51150643331898407E-1
0.46890432239547343E-1
5.1549610852294503
5.1976583740984506
5.0258281310823341
4.7680744080814863
4.4548567552975520
3.8921407589574772
3.2327704385217850
2.4470446624446462
1.6587861430297794
0.18176278210879093
0.15022603180186314
0.11867385327222102
0.86769803635739134E-1
0.56315625548085252E-1
0.21295325510652333E-1
0.29989437488470647E-2
11.160001134164608
10.824745152003930
8.6553515851539267
5.4842514585772131
1.7430897229283633
0.27507082824319207
0.14744749670273510
0.25177532685419876E-1
5.6416851164529085
4.9504493776690328
2.1075729643172920
1.8005061266885873
1.4594670527268312
1.0835631990510575
0.72492644531742989
0.78154462587544007E-1
0.64481163916862039E-1
0.50821912729349931E-1
0.61820061794656926E-1
0.10261401138563364E-1
4.4163623266660741
3.8748694743618310
2.9915267764926492
1.9754586321533565
0.64035497923258922
0.92236389485235132E-1
0.48084003424329079E-1
0.74726575478273327E-2
3.7968532907700618
3.1960986708968773
2.6435171263555253
2.2317922276629640
2.0739120057165148
1.8217300420567708
1.4848618594498737
1.1025842972548123
0.81837382674996362
0.11871728395866189
0.51895387701225419E-1
0.77469405785842178E-2
1.6769898725110177
1.3817217967150293
1.1099319941279768
0.72818958903615005
0.27047997846304506
0.20154266389809175E-1
1.4235166288563144
1.3477634324573446
2.7008890602839859
2.1827059986874304
1.5058896991748338
0.47467225848085931
0.95597219043816906E-1
0.18396736866335733E-1
0.33727869739095556
0.35309425786925502
0.39962194182896976
0.40224705269640537
0.72295477095693439
0.47749157973822659
0.18934599476639216
0.17315577304053607E-1
0.33833430071772441
0.25710310581110252
0.12784934666244530
0.63003957578851707E-2
0.29274440575040256
0.14753163701698203E-1
0.24135940920876456
0.21805032724084222E-1
0.13708189143699054
0.38740982197067411E-1
10.133420075254250
9.0211164630932075
12.168983423861404
8.5280270206034494
5.6020479220380217
1.8282691007493503
0.27626661948228132
0.15158359054484769
0.25382004615875687E-1
0.36508382422157817E-2
8.3016145842427278
7.7205826140129004
7.2388377110586148
6.5164736399620731
5.8837718694153827
5.0894753312110508
4.0531918948560746
3.0619422354439325
2.2753911016204320
0.32113794030270182
0.16687319235667805
0.27628602079431547E-1
7.3732511749287362
7.2080192734705726
6.8153916570590187
6.2127483621037181
5.4010085190008175
4.5960335826965686
3.7218512341910364
2.7838604320242859
1.8920664844738051
0.20456438591589060
0.16878349061877174
0.13260401753393397
0.99434572175054789E-1
0.61381562302455402E-1
0.23069838707196911E-1
0.32461588116729622E-2
3.7686347803886537
3.5898258290459792
3.3751126495710637
3.1151141708142784
2.7850217715215746
2.3998496279665908
1.9498199989607525
1.4627033542949259
0.98562241670026074
0.10677835293727161
0.88579447903066405E-1
0.69663091041174949E-1
0.51283894711604591E-1
0.46983672433159214E-1
5.1522175424850003
5.1943795059404492
5.0270326132628247
4.7698142156755274
4.4567973099216749
3.8932783254612739
3.2328841951721645
2.4470112046062984
1.6587928345974490
0.18176278210879093
0.15022603180186314
0.11867318411545408
0.86769803635739134E-1
0.56315625548085252E-1
0.21295325510652333E-1
0.29989437488470647E-2
11.160001134164608
10.824745152003930
8.6553515851539267
5.4842514585772131
1.7430897229283633
0.27507082824319207
0.14744749670273510
0.25177532685419876E-1
5.6407005258845277
4.9510884978625427
2.1074520496860876
1.8007583200622430
1.4593910492443598
1.0840658584464939
0.72471570838875887
0.78166035845102191E-1
0.64518820187722939E-1
0.50752473184000946E-1
0.61787933049793957E-1
0.10291740346884497E-1
4.4163623266660741
3.8748694743618310
2.9915267764926492
1.9754586321533565
0.64035497923258922
0.92236389485235132E-1
0.48084003424329079E-1
0.74726575478273327E-2
3.7968532907700618
3.1960986708968773
2.6435171263555253
2.2317922276629640
2.0739120057165148
1.8217300420567708
1.4848618594498737
1.1025842972548123
0.81837382674996362
0.11871728395866189
0.51895387701225419E-1
0.77469405785842178E-2
1.6769898725110177
1.3817217967150293
1.1099319941279768
0.72818958903615005
0.27047997846304506
0.20154266389809175E-1
1.4235166288563144
1.3477634324573446
2.7008890602839859
2.1827059986874304
1.5058896991748338
0.47467225848085931
0.95597219043816906E-1
0.18396736866335733E-1
0.33354622301711645
0.35392009036356337
0.40609517033239112
0.40632572759187585
0.71938457807761014
0.47666250161402801
0.18609931906202157
0.17315328472428684E-1
0.33833601064901564
0.25710195918718004
0.12784867778832321
0.63005007291213515E-2
0.29274440575040256
0.14753163701698203E-1
0.24135940920876456
0.21805032724084222E-1
0.13708190018682093
0.38740973461772923E-1
10.133420075254250
9.0211164630932075
12.168983423861404
8.5280270206034494
5.6020479220380217
1.8282691007493503
0.27626661948228132
0.15158359054484769
0.25382004615875687E-1
0.36508382422157817E-2
8.3016145842427278
7.7205826140129004
7.2388377110586148
6.5164736399620731
5.8837718694153827
5.0894753312110508
4.0531918948560746
3.0619422354439325
2.2753911016204320
0.32113794030270182
0.16687319235667805
0.27628602079431547E-1
7.3865962195075499
7.2259211625397137
6.8111603014608599
6.2215365621922052
5.4013340078929826
4.5847391181384012
3.7155367496830118
2.7757557586093480
1.8857519999657808
0.20303784301163114
0.16800557216649453
0.13303366287159335
0.97331913931661171E-1
0.61264386301275578E-1
0.23069838707196911E-1
0.32461588116729622E-2
3.7551997045356256
3.5817506784676505
3.3712337562801635
3.1168067787957616
2.7893943421404077
2.4042574612517051
1.9548907703719476
1.4673474474441224
0.98927210266033527
0.10729847726491508
0.88951116405667247E-1
0.69898645651931449E-1
0.51546601575397387E-1
0.47167496712481605E-1
5.1493658670679041
5.1909714060517249
5.0282845683239881
4.7716225952083198
4.4588143486313276
3.8944607274634846
3.2330024353723856
2.4469764280768223
1.6587997899033442
0.18176278210879093
0.15022603180186314
0.11867248858486454
0.86769803635739134E-1
0.56315625548085252E-1
0.21295325510652333E-1
0.29989437488470647E-2
11.160001134164608
10.824745152003930
8.6553515851539267
5.4842514585772131
1.7430897229283633
0.27507082824319207
0.14744749670273510
0.25177532685419876E-1
5.6396894261094674
4.9517448257867045
2.1073278795382731
1.8010173035133985
1.4593129994371623
1.0845820514895503
0.72449929755971121
0.78177920702107259E-1
0.64557490319470806E-1
0.50681164041970456E-1
0.61754939267660451E-1
0.10322896410830357E-1
4.4163623266660741
3.8748694743618310
2.9915267764926492
1.9754586321533565
0.64035497923258922
0.92236389485235132E-1
0.48084003424329079E-1
0.74726575478273327E-2
3.7968532907700618
3.1960986708968773
2.6435171263555253
2.2317922276629640
2.0739120057165148
1.8217300420567708
1.4848618594498737
1.1025842972548123
0.81837382674996362
0.11871728395866189
0.51895387701225419E-1
0.77469405785842178E-2
1.6769898725110177
1.3817217967150293
1.1099319941279768
0.72818958903615005
0.27047997846304506
0.20154266389809175E-1
1.4235166288563144
1.3477634324573446
2.7008890602839859
2.1827059986874304
1.5058896991748338
0.47467225848085931
0.95597219043816906E-1
0.18396736866335733E-1
0.32633271787190743
0.35551612193675453
0.41860554882094198
0.41420831147519116
0.71248470359088856
0.47506019742766703
0.17982468471691990
0.17314847572085668E-1
0.33833948139538006
0.25709963181833712
0.12784732013586109
0.63007137953060705E-2
0.29274440575040256
0.14753163701698203E-1
0.24135940920876456
0.21805032724084222E-1
0.13708191794736035
0.38740955730738727E-1
10.133420075254250
9.0211164630932075
12.168983423861404
8.5280270206034494
5.6020479220380217
1.8282691007493503
0.27626661948228132
0.15158359054484769
0.25382004615875687E-1
0.36508382422157817E-2
8.3016145842427278
7.7205826140129004
7.2388377110586148
6.5164736399620731
5.8837718694153827
5.0894753312110508
4.0531918948560746
3.0619422354439325
2.2753911016204320
0.32113794030270182
0.16687319235667805
0.27628602079431547E-1
7.3814760559493697
7.2190526504494708
6.8127837679549170
6.2181647471660852
5.4012091258549786
4.5890725248571549
3.7179594612202980
2.7788653213556582
1.8881747115030669
0.20362353976987191
0.16830404023732512
0.13286881858142752
0.98138651897169790E-1
0.61309343834957161E-1
0.23069838707196911E-1
0.32461588116729622E-2
3.7606895774855720
3.5850503658837596
3.3728187589691241
3.1161151412587604
2.7876076118364881
2.4024563218324313
1.9528187395840151
1.4654497669519753
0.98778075922117670
0.10708594281344078
0.88799244329834062E-1
0.69802392761365448E-1
0.51439253666008669E-1
0.47092381994140210E-1
5.1502831875437236
5.1920677158886805
5.0278818422614329
4.7710408797846302
4.4581655121972128
3.8940803750710713
3.2329644001331443
2.4469876149118930
1.6587975525363299
0.18176278210879093
0.15022603180186314
0.11867271232156597
0.86769803635739134E-1
0.56315625548085252E-1
0.21295325510652333E-1
0.29989437488470647E-2
11.160001134164608
10.824745152003930
8.6553515851539267
5.4842514585772131
1.7430897229283633
0.27507082824319207
0.14744749670273510
0.25177532685419876E-1
5.6400348729435992
4.9515205883680578
2.1073703028336932
1.8009288206400944
1.4593396655085691
1.0844056917900204
0.72457323530315676
0.78173860186688524E-1
0.64544278493182991E-1
0.50705527134482863E-1
0.61766211743300520E-1
0.10312251799962497E-1
4.4163623266660741
3.8748694743618310
2.9915267764926492
1.9754586321533565
0.64035497923258922
0.92236389485235132E-1
0.48084003424329079E-1
0.74726575478273327E-2
3.7968532907700618
3.1960986708968773
2.6435171263555253
2.2317922276629640
2.0739120057165148
1.8217300420567708
1.4848618594498737
1.1025842972548123
0.81837382674996362
0.11871728395866189
0.51895387701225419E-1
0.77469405785842178E-2
1.6769898725110177
1.3817217967150293
1.1099319941279768
0.72818958903615005
0.27047997846304506
0.20154266389809175E-1
1.4235166288563144
1.3477634324573446
2.7008890602839859
2.1827059986874304
1.5058896991748338
0.47467225848085931
0.95597219043816906E-1
0.18396736866335733E-1
0.32925738749554900
0.35486902112147545
0.41353329570554431
0.41101236814732778
0.71528221366567601
0.47570984143392325
0.18236869516664764
0.17315042550060580E-1
0.33833804686184071
0.25710059376954669
0.12784788128259644
0.63006257305050209E-2
0.29274440575040256
0.14753163701698203E-1
0.24135940920876456
0.21805032724084222E-1
0.13708191060646868
0.38740963059435120E-1
10.133420075254250
9.0211164630932075
12.168983423861404
8.5280270206034494
5.6020479220380217
1.8282691007493503
0.27626661948228132
0.15158359054484769
0.25382004615875687E-1
0.36508382422157817E-2
8.3016145842427278
7.7205826140129004
7.2388377110586148
6.5164736399620731
5.8837718694153827
5.0894753312110508
4.0531918948560746
3.0619422354439325
2.2753911016204320
0.32113794030270182
0.16687319235667805
0.27628602079431547E-1
7.3894404907174858
7.2297366483091405
6.8102584593699040
6.2234096188426511
5.4014033803615185
4.5823318934802364
3.7141909237934327
2.7740283841428259
1.8844061740762015
0.20271248613420192
0.16783977196669586
0.13312523453005959
0.96883767784924968E-1
0.61239412212602970E-1
0.23069838707196911E-1
0.32461588116729622E-2
3.7519451428541752
3.5797945245961227
3.3702941190492979
3.1172168023146845
2.7904535695642916
2.4053252308322333
1.9561191324973877
1.4684724494741670
0.99015621587301295
0.10742447407541743
0.89041150736697383E-1
0.69955707258314875E-1
0.51610240642396880E-1
0.47212026975067954E-1
5.1489252379167043
5.1904448004807797
5.0284780152684174
4.7719020185724954
4.4591260131529085
3.8946434273554447
3.2330207053615818
2.4469710545505881
1.6588008646085910
0.18176278210879093
0.15022603180186314
0.11867238111433985
0.86769803635739134E-1
0.56315625548085252E-1
0.21295325510652333E-1
0.29989437488470647E-2
11.160001134164608
10.824745152003930
8.6553515851539267
5.4842514585772131
1.7430897229283633
0.27507082824319207
0.14744749670273510
0.25177532685419876E-1
5.6395252612264919
4.9518513889563556
2.1073077189386096
1.8010593527641257
1.4593003270602309
1.0846658619824381
0.72446416051458307
0.78179850359503644E-1
0.64563768906223215E-1
0.50669586097592180E-1
0.61749582308321255E-1
0.10327954993294537E-1
4.4163623266660741
3.8748694743618310
2.9915267764926492
1.9754586321533565
0.64035497923258922
0.92236389485235132E-1
0.48084003424329079E-1
0.74726575478273327E-2
3.7968532907700618
3.1960986708968773
2.6435171263555253
2.2317922276629640
2.0739120057165148
1.8217300420567708
1.4848618594498737
1.1025842972548123
0.81837382674996362
0.11871728395866189
0.51895387701225419E-1
0.77469405785842178E-2
1.6769898725110177
1.3817217967150293
1.1099319941279768
0.72818958903615005
0.27047997846304506
0.20154266389809175E-1
1.4235166288563144
1.3477634324573446
2.7008890602839859
2.1827059986874304
1.5058896991748338
0.47467225848085931
0.95597219043816906E-1
0.18396736866335733E-1
0.32461360453571736
0.35589648614350577
0.42158700624940687
0.41608687880198442
0.71084033431279370
0.47467833833975392
0.17832932187108552
0.17314732964529924E-1
0.33834034273124330
0.25709905423471646
0.12784698320696089
0.63007666719864346E-2
0.29274440575040256
0.14753163701698203E-1
0.24135940920876456
0.21805032724084222E-1
0.13708192235510155
0.38740951330319996E-1
10.133420075254250
9.0211164630932075
12.168983423861404
8.5280270206034494
5.6020479220380217
1.8282691007493503
0.27626661948228132
0.15158359054484769
0.25382004615875687E-1
0.36508382422157817E-2
8.3016145842427278
7.7205826140129004
7.2388377110586148
6.5164736399620731
5.8837718694153827
5.0894753312110508
4.0531918948560746
3.0619422354439325
2.2753911016204320
0.32113794030270182
0.16687319235667805
0.27628602079431547E-1
7.3903666868798554
7.2309791065757336
6.8099647874159821
6.2240195529007964
5.4014259705118199
4.5815480152647670
3.7137526748775800
2.7734658894003137
1.8839679251603487
0.20260653832928696
0.16778578150747478
0.13315505352845780
0.96737835413976000E-1
0.61231279758494357E-1
0.23069838707196911E-1
0.32461588116729622E-2
3.7508513635569005
3.5791371086930361
3.3699783297508730
3.1173546012812703
2.7908095502279715
2.4056840823077170
1.9565319552347840
1.4688505353887367
0.99045334489471337
0.10746681854952450
0.89071409093110177E-1
0.69974884281164731E-1
0.51631628190335718E-1
0.47226992517001534E-1
5.1487908016316268
5.1902841327254423
5.0285370360765000
4.7719872708508380
4.4592211022325978
3.8946991692297455
3.2330262795490117
2.4469694150836969
1.6588011925019694
0.18176278210879093
0.15022603180186314
0.11867234832500204
0.86769803635739134E-1
0.56315625548085252E-1
0.21295325510652333E-1
0.29989437488470647E-2
11.160001134164608
10.824745152003930
8.6553515851539267
5.4842514585772131
1.7430897229283633
0.27507082824319207
0.14744749670273510
0.25177532685419876E-1
5.6394763707005895
4.9518831249117650
2.1073017148389370
1.8010718756005848
1.4592965530547226
1.0846908218825040
0.72445369622658284
0.78180425037615145E-1
0.64565638754406851E-1
0.50666138028923266E-1
0.61747986933265477E-1
0.10329461507675154E-1
4.4163623266660741
3.8748694743618310
2.9915267764926492
1.9754586321533565
0.64035497923258922
0.92236389485235132E-1
0.48084003424329079E-1
0.74726575478273327E-2
3.7968532907700618
3.1960986708968773
2.6435171263555253
2.2317922276629640
2.0739120057165148
1.8217300420567708
1.4848618594498737
1.1025842972548123
0.81837382674996362
0.11871728395866189
0.51895387701225419E-1
0.77469405785842178E-2
1.6769898725110177
1.3817217967150293
1.1099319941279768
0.72818958903615005
0.27047997846304506
0.20154266389809175E-1
1.4235166288563144
1.3477634324573446
2.7008890602839859
2.1827059986874304
1.5058896991748338
0.47467225848085931
0.95597219043816906E-1
0.18396736866335733E-1
0.32403828853816363
0.35602377828209492
0.42258477650603399
0.41671555744278960
0.71029003205426389
0.47455054592638429
0.17782888589095247
0.17314694610130087E-1
0.33834063405348846
0.25709885888355993
0.12784686925038735
0.63007845560127439E-2
0.29274440575040256
0.14753163701698203E-1
0.24135940920876456
0.21805032724084222E-1
0.13708192384590348
0.38740949841994714E-1

