# skin_temperature
# rank
1
# size
32
# lbound
1
# entries
273.14999999999998
273.14999999999998
273.14999999999998
273.14999999999998
273.14999999999998
273.14999999999998
273.14999999999998
273.14999999999998
273.14999999999998
273.14999999999998
273.14999999999998
273.14999999999998
273.14999999999998
273.14999999999998
273.14999999999998
273.14999999999998
273.14999999999998
273.14999999999998
273.14999999999998
273.14999999999998
273.14999999999998
273.14999999999998
273.14999999999998
273.14999999999998
273.14999999999998
273.14999999999998
273.14999999999998
273.14999999999998
273.14999999999998
273.14999999999998
273.14999999999998
273.14999999999998
# spectral_solar_scaling
# rank
1
# size
14
# lbound
1
# entries
1.0029448019710816
1.0029448019710816
1.0029448019710816
1.0508855633974039
1.0434637718982109
1.0347381517792149
1.0261128269796205
1.0083607039962115
0.98702806802258103
1.0015707676200860
1.0020120630635665
0.90855766671970495
0.92484549039545549
1.0029448019710816
# cos_sza
# rank
1
# size
32
# lbound
1
# entries
-0.10000000000000001E-8
-0.10000000000000001E-8
-0.10000000000000001E-8
-0.10000000000000001E-8
-0.10000000000000001E-8
-0.10000000000000001E-8
-0.10000000000000001E-8
-0.10000000000000001E-8
-0.10000000000000001E-8
-0.10000000000000001E-8
-0.10000000000000001E-8
-0.10000000000000001E-8
-0.10000000000000001E-8
-0.10000000000000001E-8
-0.10000000000000001E-8
-0.10000000000000001E-8
-0.10000000000000001E-8
-0.10000000000000001E-8
0.33165969779235765E-2
-0.10000000000000001E-8
-0.10000000000000001E-8
-0.10000000000000001E-8
-0.10000000000000001E-8
-0.10000000000000001E-8
-0.10000000000000001E-8
-0.10000000000000001E-8
-0.10000000000000001E-8
0.32094481948858247E-2
0.15565358406036138E-1
0.15346463231991595E-1
0.27412352256102678E-1
0.42700026878473261E-2


