# iseed
# rank
1
# size
32
# lbound
1
# entries
105828432
104179443
100333524
114847308
120611453
121461524
128509177
110685615
88760050
93896835
78568969
91124307
110234185
102001012
111373609
115880895
137608505
132208882
143007980
137608612
125962520
131516424
119438773
126388155
137608253
132394743
137608142
142821900
149254685
148828836
155778552
143700940
# cos_sza
# rank
1
# size
32
# lbound
1
# entries
-0.10000000000000001E-8
-0.10000000000000001E-8
-0.10000000000000001E-8
-0.10000000000000001E-8
-0.10000000000000001E-8
-0.10000000000000001E-8
-0.10000000000000001E-8
-0.10000000000000001E-8
-0.10000000000000001E-8
-0.10000000000000001E-8
-0.10000000000000001E-8
-0.10000000000000001E-8
-0.10000000000000001E-8
-0.10000000000000001E-8
-0.10000000000000001E-8
-0.10000000000000001E-8
-0.10000000000000001E-8
-0.10000000000000001E-8
0.33165969779235765E-2
-0.10000000000000001E-8
-0.10000000000000001E-8
-0.10000000000000001E-8
-0.10000000000000001E-8
-0.10000000000000001E-8
-0.10000000000000001E-8
-0.10000000000000001E-8
-0.10000000000000001E-8
0.32094481948858247E-2
0.15565358406036138E-1
0.15346463231991595E-1
0.27412352256102678E-1
0.42700026878473261E-2


