# i_emiss_from_band_lw
# rank
1
# size
16
# lbound
1
# entries
1
1
1
1
1
1
1
1
1
1
1
1
1
1
1
1
# sw_albedo_weights
# rank
2
# size
2
14
# lbound
1
1
# entries
0.0000000000000000
1.0000000000000000
0.0000000000000000
1.0000000000000000
0.0000000000000000
0.99999999999999989
0.0000000000000000
1.0000000000000000
0.0000000000000000
1.0000000000000000
0.0000000000000000
1.0000000000000000
0.0000000000000000
1.0000000000000000
0.0000000000000000
1.0000000000000000
0.52578763214980828
0.47421236785019172
1.0000000000000000
0.0000000000000000
1.0000000000000000
0.0000000000000000
1.0000000000000000
0.0000000000000000
1.0000000000000000
0.0000000000000000
0.0000000000000000
1.0000000000000000
# i_band_from_reordered_g_lw
# rank
1
# size
140
# lbound
1
# entries
1
1
1
1
1
1
1
1
1
1
2
2
2
2
2
2
2
2
2
2
2
2
3
3
3
3
3
3
3
3
3
3
3
3
3
3
3
3
4
4
4
4
4
4
4
4
4
4
4
4
4
4
5
5
5
5
5
5
5
5
5
5
5
5
5
5
5
5
6
6
6
6
6
6
6
6
7
7
7
7
7
7
7
7
7
7
7
7
8
8
8
8
8
8
8
8
9
9
9
9
9
9
9
9
9
9
9
9
10
10
10
10
10
10
11
11
11
11
11
11
11
11
12
12
12
12
12
12
12
12
13
13
13
13
14
14
15
15
16
16
# i_band_from_reordered_g_sw
# rank
1
# size
112
# lbound
1
# entries
1
1
1
1
1
1
2
2
2
2
2
2
2
2
2
2
2
2
3
3
3
3
3
3
3
3
4
4
4
4
4
4
4
4
5
5
5
5
5
5
5
5
5
5
6
6
6
6
6
6
6
6
6
6
7
7
8
8
8
8
8
8
8
8
8
8
9
9
9
9
9
9
9
9
10
10
10
10
10
10
11
11
11
11
11
11
12
12
12
12
12
12
12
12
13
13
13
13
13
13
14
14
14
14
14
14
14
14
14
14
14
14


