# rank
2
# size
140
32
# lbound
1
1
# entries
0.62294319711661975E-309
0.62294319711661975E-309
0.46464370997029393E-309
0.46464370997029393E-309
-0.36387095523916502
-0.36386151236082820
-0.36387721236279064
-0.36387925058085496
-0.36387531785496469
-0.36388148958580713
-0.36388379146436034
-0.36386399905160521
-0.35911114435870167
-0.35911079217368602
-0.35911076026005512
-0.35911225060022095
-0.35911237397971368
-0.35911330807206282
-0.35911343651329725
-0.35911117876526066
-0.35911036433489008
-0.35911044770456807
-0.35911032014500299
-0.35911044332181830
-0.35911212603207177
-0.35911111005323793
-0.35911304602065541
-0.35911317547908578
-0.35913848313009455
-0.35913202362411051
-0.35915062584507940
-0.35913346101777066
-0.35912156174710469
-0.35912554652845757
-0.35911722302060933
-0.35912480382018536
-0.35914812776031063
-0.35913708612404222
-0.35915544420814727
-0.35915782748392105
-0.35915322896726598
-0.35916044553261034
-0.35916313709231068
-0.35913999384242429
-0.35372419917260367
-0.35372378684002920
-0.35372374947606855
-0.35372549434287459
-0.35372563879366609
-0.35372673241439712
-0.35372688279137227
-0.35372423945525766
-0.35372328593350244
-0.35372338354128652
-0.35372323419676360
-0.35372337841003776
-0.35372534850042248
-0.35372415900831111
-0.35372642560872064
-0.35372657717662209
-0.35375620673249136
-0.35374864416338242
-0.35377042288877453
-0.35375032701850856
-0.35373639566799381
-0.35374106095906943
-0.35373131597106622
-0.35374019141424429
-0.35376749825422310
-0.35375457116914616
-0.35377606397115513
-0.35377885417358912
-0.35377347048856811
-0.35378191922722330
-0.35378507033493561
-0.35375797541665610
-0.34758151347216681
-0.34758103008450897
-0.34758098628182543
-0.34758303183290318
-0.34758320117622804
-0.34758448325550612
-0.34758465954622936
-0.34758156069652540
-0.34758044285981016
-0.34758055728768933
-0.34758038220765325
-0.34758055127220577
-0.34758286085810070
-0.34758146638656767
-0.34758412357945523
-0.34758430126633988
-0.34761903645806419
-0.34761017080764212
-0.34763570200831256
-0.34761214363443022
-0.34759581171015891
-0.34760128091616493
-0.34758985667097697
-0.34760026153414458
-0.34763227348540388
-0.34761711908060516
-0.34764231497481496
-0.34764558588058397
-0.34763927467330152
-0.34764917898057246
-0.34765287295004593
-0.34762110989080097
-0.34057157919043529
-0.34057101181723171
-0.34057096040412377
-0.34057336135776139
-0.34057356012357726
-0.34057506495729201
-0.34057527187758546
-0.34057163461973994
-0.34057032256650749
-0.34057045687531723
-0.34057025137655916
-0.34057044981468992
-0.34057316067701265
-0.34057152392400053
-0.34057464278944471
-0.34057485134847915
-0.34061562128520789
-0.34060521543059741
-0.34063518192663028
-0.34060753099607216
-0.34058836164913353
-0.34059478106614288
-0.34058137197164162
-0.34059358457976452
-0.34063115782912007
-0.34061337081229059
-0.34064294361511777
-0.34064678268810611
-0.34063937519495602
-0.34065099991095366
-0.34065533551272720
-0.34061805492081049
-0.33256790933956437
-0.33256724281728839
-0.33256718241970634
-0.33257000294416633
-0.33257023644479078
-0.33257200425211059
-0.33257224733228441
-0.33256797445521830
-0.33256643312004669
-0.33256659089919882
-0.33256634948976893
-0.33256658260473121
-0.33256976719398224
-0.33256784441524506
-0.33257150830930138
-0.33257175331458361
-0.33261964761512541
-0.33260742346256733
-0.33264262606380357
-0.33261014365068436
-0.33258762456092916
-0.33259516575789499
-0.33257941343255859
-0.33259376018941716
-0.33263789886057327
-0.33261700390452209
-0.33265174387400243
-0.33265625369464091
-0.33264755198468376
-0.33266120772243551
-0.33266630079880055
-0.33262250649000702
-0.32343010528438570
-0.32342932213834141
-0.32342925117281174
-0.32343256521703362
-0.32343283957454316
-0.32343491670544050
-0.32343520231884049
-0.32343018179358557
-0.32342837076662234
-0.32342855615257715
-0.32342827250352324
-0.32342854640681412
-0.32343228821637215
-0.32343002900000345
-0.32343433398452487
-0.32343462185985228
-0.32349089632140515
-0.32347653335163207
-0.32351789505998751
-0.32347972948653209
-0.32345327019431630
-0.32346213090460646
-0.32344362231769319
-0.32346047939938322
-0.32351234080838170
-0.32348779005498823
-0.32352860804847589
-0.32353390685631328
-0.32352368278495852
-0.32353972757347726
-0.32354571165277834
-0.32349425539501409
-0.31300737954993663
-0.31300646015900507
-0.31300637684756094
-0.31301026744426363
-0.31301058953282973
-0.31301302803164838
-0.31301336333466290
-0.31300746936958063
-0.31300534327758495
-0.31300556091483184
-0.31300522791990343
-0.31300554947361053
-0.31300994225275341
-0.31300728999422922
-0.31301234393191729
-0.31301268189030940
-0.31307874673660424
-0.31306188499180881
-0.31311044242147329
-0.31306563717242791
-0.31303457459963713
-0.31304497686892563
-0.31302324821307798
-0.31304303804036104
-0.31310392191556519
-0.31307510006564127
-0.31312301909025758
-0.31312923969177536
-0.31311723700911714
-0.31313607298653207
-0.31314309805233270
-0.31308269019403973
-0.30114547339431480
-0.30114439651776531
-0.30114429893568756
-0.30114885597236674
-0.30114923323376114
-0.30115208944259503
-0.30115248218263641
-0.30114557859953839
-0.30114308832421194
-0.30114334324053860
-0.30114295320703366
-0.30114332983954561
-0.30114847507658415
-0.30114536849824936
-0.30115128815755521
-0.30115168400770359
-0.30122906614611161
-0.30120931584636806
-0.30126619156081541
-0.30121371080556775
-0.30117732699580257
-0.30118951123689508
-0.30116406035174992
-0.30118724027420157
-0.30125855404083685
-0.30122479477005620
-0.30128092270720241
-0.30128820894147712
-0.30127415011313247
-0.30129621282508906
-0.30130444132833595
-0.30123368515072863
-0.28769736924707667
-0.28769611297936709
-0.28769599914170602
-0.28770131532048859
-0.28770175542964965
-0.28770508745653545
-0.28770554562392919
-0.28769749197797623
-0.28769458686400745
-0.28769488424445933
-0.28769442923907834
-0.28769486861111360
-0.28770087097161978
-0.28769724687685222
-0.28770415268415778
-0.28770461447954732
-0.28779488900423261
-0.28777184801280853
-0.28783820026026080
-0.28777697522988793
-0.28773452954861023
-0.28774874375378390
-0.28771905266483805
-0.28774609443229965
-0.28782929015684261
-0.28778990594695247
-0.28785538597344262
-0.28786388628279547
-0.28784748489674850
-0.28787322382873187
-0.28788282343069671
-0.28780027761468890
-0.27253682314835859
-0.27253536621765129
-0.27253523419689385
-0.27254139953972029
-0.27254190994987088
-0.27254577422501086
-0.27254630557947296
-0.27253696548313416
-0.27253359634104429
-0.27253394122053332
-0.27253341353970267
-0.27253392309014557
-0.27254088421282596
-0.27253668123189068
-0.27254469013383870
-0.27254522569547018
-0.27264992263738952
-0.27262320025167941
-0.27270015447065482
-0.27262914665771731
-0.27257991963376244
-0.27259640469066793
-0.27256197028473772
-0.27259333210857134
-0.27268982059949254
-0.27264414339186638
-0.27272008639984996
-0.27272994506072828
-0.27271092274816999
-0.27274077477284175
-0.27275190844408270
-0.27265617224457617
-0.25557168861641666
-0.25557001171750343
-0.25556985976435648
-0.25557695597222363
-0.25557754344787170
-0.25558199118791586
-0.25558260277236428
-0.25557185244115088
-0.25556797462962921
-0.25556837157742263
-0.25556776423003902
-0.25556835070978179
-0.25557636283773638
-0.25557152527317617
-0.25558074340899728
-0.25558135983535513
-0.25570186831851999
-0.25567110974117163
-0.25575968807468186
-0.25567795427406093
-0.25562129266704725
-0.25564026726878669
-0.25560063281162260
-0.25563673065981418
-0.25574779310438045
-0.25569521613968099
-0.25578263116536820
-0.25579397925370828
-0.25577208312075506
-0.25580644514089396
-0.25581926095645446
-0.25570906192166903
-0.23675236234372851
-0.23675044902682524
-0.23675027565074813
-0.23675837234199673
-0.23675904264744574
-0.23676411749692711
-0.23676481531312857
-0.23675254926555012
-0.23674812474664272
-0.23674857765601459
-0.23674788468528252
-0.23674855384644655
-0.23675769558019938
-0.23675217597132100
-0.23676269378554626
-0.23676339712569655
-0.23690090128776001
-0.23686580401334362
-0.23696687806317129
-0.23687361397315215
-0.23680896091371192
-0.23683061147363818
-0.23678538766659443
-0.23682657608744956
-0.23695330486959268
-0.23689331073818778
-0.23699305829226017
-0.23700600761293769
-0.23698102195130386
-0.23702023251748575
-0.23703485679454417
-0.23690910965906486
-0.21607119637531316
-0.21606903308661965
-0.21606883705949348
-0.21607799159733412
-0.21607874948230699
-0.21608448740435526
-0.21608527639783501
-0.21607140771842778
-0.21606640515112613
-0.21606691722982069
-0.21606613372783806
-0.21606689030968987
-0.21607722641286076
-0.21607098565343641
-0.21608287767076931
-0.21608367290918201
-0.21623914868470101
-0.21619946336583579
-0.21631375161766223
-0.21620829422467661
-0.21613519074275270
-0.21615967089434382
-0.21610853690529433
-0.21615510809064092
-0.21629840364398073
-0.21623056582449546
-0.21634335528663590
-0.21635799801782829
-0.21632974498746491
-0.21637408322018475
-0.21639062010674326
-0.21624843016243023
-0.19355218674130195
-0.19354976198564380
-0.19354954226588617
-0.19355980330112327
-0.19356065279396659
-0.19356708428973923
-0.19356796865491249
-0.19355242362879005
-0.19354681643245117
-0.19354739040096036
-0.19354651220533708
-0.19354736022724622
-0.19355894562691792
-0.19355195055018609
-0.19356527997660408
-0.19356617134072360
-0.19374044637930224
-0.19369596157059485
-0.19382407326217169
-0.19370586036961482
-0.19362391723511271
-0.19365135727153540
-0.19359404100583197
-0.19364624276140688
-0.19380686863962368
-0.19373082546873455
-0.19385725832689993
-0.19387367261912336
-0.19384200144196895
-0.19389170398471001
-0.19391024177490221
-0.19375085043222756
-0.16923498538378065
-0.16923228844991933
-0.16923204406697404
-0.16924345693179096
-0.16924440178597125
-0.16925155527488972
-0.16925253891983702
-0.16923524886212568
-0.16922901226864553
-0.16922965066198656
-0.16922867389410545
-0.16922961710141954
-0.16924250297830470
-0.16923472268002621
-0.16924954840898732
-0.16925053983769911
-0.16944438502916145
-0.16939490383499475
-0.16953740619273933
-0.16940591438125224
-0.16931476907394724
-0.16934529036002050
-0.16928153835357512
-0.16933960151992822
-0.16951826871381534
-0.16943368347869955
-0.16957431967260747
-0.16959257825872792
-0.16955734860517963
-0.16961263569539178
-0.16963325655170516
-0.16945595771729560
-0.14316011662926734
-0.14315713657541476
-0.14315686653782395
-0.14316947753892456
-0.14317052158846430
-0.14317842609933124
-0.14317951301586013
-0.14316040776746522
-0.14315351647526875
-0.14315422188314017
-0.14315314258070624
-0.14315418479957662
-0.14316842343526021
-0.14315982634702606
-0.14317620853657329
-0.14317730405318446
-0.14339150657426952
-0.14333682797742830
-0.14349430003916910
-0.14334899499706061
-0.14324827735311629
-0.14328200382246417
-0.14321155723390971
-0.14327571755080704
-0.14347315192036930
-0.14337968090486800
-0.14353509198477926
-0.14355526909283833
-0.14351633774591299
-0.14357743414776941
-0.14360022191468094
-0.14340429491840140
-0.11536145412943456
-0.11535817962802597
-0.11535788290936522
-0.11537173998524515
-0.11537288719919177
-0.11538157278288505
-0.11538276710332250
-0.11536177403416194
-0.11535420184927130
-0.11535497695279273
-0.11535379101361415
-0.11535493620528384
-0.11537058172417261
-0.11536113516528722
-0.11537913609247571
-0.11538033986193434
-0.11561571461973069
-0.11555563050939067
-0.11572867178173614
-0.11556900030584173
-0.11545832712161939
-0.11549538707044599
-0.11541797794899859
-0.11548847945222458
-0.11570543248334696
-0.11560271981700754
-0.11577349756694744
-0.11579567006147663
-0.11575288871917580
-0.11582002718077433
-0.11584506868605594
-0.11562976730172080
-0.85868289525914326E-1
-0.85864709757155988E-1
-0.85864385377005192E-1
-0.85879534316924064E-1
-0.85880788486367404E-1
-0.85890283846526944E-1
-0.85891589517965314E-1
-0.85868639254234574E-1
-0.85860361156575429E-1
-0.85861208516781404E-1
-0.85859912022379303E-1
-0.85861163970692003E-1
-0.85878268070884861E-1
-0.85867940825908706E-1
-0.85887619975609286E-1
-0.85888935976152603E-1
-0.86146261645827421E-1
-0.86080573096617485E-1
-0.86269756766167979E-1
-0.86095189925271154E-1
-0.85974195017860230E-1
-0.86014711026296126E-1
-0.85930083377442720E-1
-0.86007159210729850E-1
-0.86244349258987218E-1
-0.86132054677917846E-1
-0.86318765015418866E-1
-0.86343006433218059E-1
-0.86296233220744228E-1
-0.86369636415669720E-1
-0.86397014746410788E-1
-0.86161625206209888E-1
-0.54714083122957981E-1
-0.54710189211990209E-1
-0.54709836366156811E-1
-0.54726314727905519E-1
-0.54727678962391710E-1
-0.54738007642604301E-1
-0.54739427902597268E-1
-0.54714463541911652E-1
-0.54705459008558235E-1
-0.54706380726259073E-1
-0.54704970462284862E-1
-0.54706332271149821E-1
-0.54724937357442612E-1
-0.54713703822604112E-1
-0.54735109985948938E-1
-0.54736541480659227E-1
-0.55016457148294937E-1
-0.54945000806257818E-1
-0.55150797750416286E-1
-0.54960901003080612E-1
-0.54829283811253522E-1
-0.54873356469365864E-1
-0.54781300245960347E-1
-0.54865141703266847E-1
-0.55123158720541077E-1
-0.55001002672502818E-1
-0.55204110655632695E-1
-0.55230481470171053E-1
-0.55179599724789058E-1
-0.55259450772749026E-1
-0.55289234280742866E-1
-0.55033169815086817E-1
-0.21943865865045844E-1
-0.21939651856784294E-1
-0.21939270005629116E-1
-0.21957102989167115E-1
-0.21958579374966050E-1
-0.21969757170981159E-1
-0.21971294191638978E-1
-0.21944277556403602E-1
-0.21934532815592947E-1
-0.21935530300709362E-1
-0.21934004109861387E-1
-0.21935477862462825E-1
-0.21955612387932651E-1
-0.21943455384280944E-1
-0.21966621297061954E-1
-0.21968170475180397E-1
-0.22271105246397253E-1
-0.22193771342609258E-1
-0.22416498172904507E-1
-0.22210979318328244E-1
-0.22068538017076294E-1
-0.22116234847738576E-1
-0.22016609073438144E-1
-0.22107344541085733E-1
-0.22386585013186692E-1
-0.22254379507596553E-1
-0.22474197996042340E-1
-0.22502738935409619E-1
-0.22447670095930981E-1
-0.22534092328518898E-1
-0.22566327074432589E-1
-0.22289192717819803E-1
0.12383974738153343E-1
0.12388511337396178E-1
0.12388922419885800E-1
0.12369724265090499E-1
0.12368134854861920E-1
0.12356101332945695E-1
0.12354446642698573E-1
0.12383531530810491E-1
0.12394022247385759E-1
0.12392948403967428E-1
0.12394591425885587E-1
0.12393004856409580E-1
0.12371328978642069E-1
0.12384416642199719E-1
0.12359477278533810E-1
0.12357809500898632E-1
0.12031675574437069E-1
0.12114933233088203E-1
0.11875142969878596E-1
0.12096407215249192E-1
0.12249757335278206E-1
0.12198408026670458E-1
0.12305662416496147E-1
0.12207979154034336E-1
0.11907348287726540E-1
0.12049682582195050E-1
0.11813021369343441E-1
0.11782293020379064E-1
0.11841582279536697E-1
0.11748536516521512E-1
0.11713830942374884E-1
0.12012202468044537E-1
0.48197780614257835E-1
0.48202638366656954E-1
0.48203078550272345E-1
0.48182521315171700E-1
0.48180819385342376E-1
0.48167933960957962E-1
0.48166162127000943E-1
0.48197306031471897E-1
0.48208539401687442E-1
0.48207389539345086E-1
0.48209148873244768E-1
0.48207449988134907E-1
0.48184239631406153E-1
0.48198253801468943E-1
0.48171548905380904E-1
0.48169763058213404E-1
0.47820532873780706E-1
0.47909688240917341E-1
0.47652909030728698E-1
0.47889849992487875E-1
0.48054060582455642E-1
0.47999075043583382E-1
0.48113924060983478E-1
0.48009323967209812E-1
0.47687396600085585E-1
0.47839815532961349E-1
0.47586384671539916E-1
0.47553478275781116E-1
0.47616969862720952E-1
0.47517328911925935E-1
0.47480163010180300E-1
0.47799680197178965E-1
0.85412983916344748E-1
0.85418157052188373E-1
0.85418625814224658E-1
0.85396733924880577E-1
0.85394921498574153E-1
0.85381199491425752E-1
0.85379312620598044E-1
0.85412478521899218E-1
0.85424441207461510E-1
0.85423216690574025E-1
0.85425090249138858E-1
0.85423281063974871E-1
0.85398563801294097E-1
0.85413487824611237E-1
0.85385049136430580E-1
0.85383147343113086E-1
0.85011235630192847E-1
0.85106183033469923E-1
0.84832718690090736E-1
0.85085056083622573E-1
0.85259932150268891E-1
0.85201375727895753E-1
0.85323682841177112E-1
0.85212290271124647E-1
0.84869447805620876E-1
0.85031771101539227E-1
0.84761869996433759E-1
0.84726824299803008E-1
0.84794443427900379E-1
0.84688324603942891E-1
0.84648742058215071E-1
0.84989028072027975E-1
0.12393269640985638
0.12393817452669785
0.12393867092469293
0.12391548841567000
0.12391356913975443
0.12389903816433712
0.12389704005425932
0.12393216122016996
0.12394482917096858
0.12394353246011018
0.12394551647886372
0.12394360062875587
0.12391742617042527
0.12393323002577138
0.12390311476221028
0.12390110085020055
0.12350725589327836
0.12360780447423551
0.12331820417960129
0.12358543130614577
0.12377062099260991
0.12370861155069550
0.12383813054934177
0.12372016974725186
0.12335710117823347
0.12352900291242673
0.12324317314978935
0.12320605834535506
0.12327766955197510
0.12316528539166854
0.12312336540294608
0.12348373806795915
0.16364852395282009
0.16365429184150834
0.16365481449747862
0.16363040574809093
0.16362838495414267
0.16361308538136837
0.16361098158392878
0.16364796045394320
0.16366129850573866
0.16365993319886596
0.16366202217315334
0.16366000497359579
0.16363244599846957
0.16364908579473147
0.16361737760541362
0.16361525717022846
0.16320057339446298
0.16330644388024529
0.16300151151268871
0.16328288664847296
0.16347787531206964
0.16341258521084825
0.16354895607606859
0.16342475493566208
0.16304246851529711
0.16322347157278760
0.16292250615125212
0.16288342508465170
0.16295882990675095
0.16284049181955221
0.16279635047153501
0.16317581059883221
0.20444158965696896
0.20444762727678187
0.20444817437496796
0.20442262421431778
0.20442050892730257
0.20440449395021648
0.20440229178060870
0.20444099980700925
0.20445496162382659
0.20445353246220285
0.20445571913812033
0.20445360759374834
0.20442475986795461
0.20444217777256068
0.20440898687631859
0.20440676729064519
0.20397268710292399
0.20408351132147701
0.20376430688449162
0.20405885195885318
0.20426296130217506
0.20419461768524574
0.20433736599408650
0.20420735660066369
0.20380718159809574
0.20399665682170104
0.20368160158911336
0.20364068995260906
0.20371962655389453
0.20359574540997444
0.20354953589261382
0.20394676543133303
0.24618373586906031
0.24619001848651251
0.24619058778595024
0.24616400090505861
0.24616179979462213
0.24614513505949490
0.24614284354547916
0.24618312208461859
0.24619765047953904
0.24619616331494251
0.24619843873949560
0.24619624149565345
0.24616622320911757
0.24618434784887649
0.24614981026963254
0.24614750063218788
0.24569580446002506
0.24581112787021070
0.24547896023737248
0.24578546752390493
0.24599786027703022
0.24592674350015875
0.24607528371009757
0.24593999934857624
0.24552357692366125
0.24572074741670388
0.24539289393618036
0.24535031935000651
0.24543246429507459
0.24530354764412055
0.24525545922059214
0.24566883021419669
0.28873886259734899
0.28874536109371723
0.28874594995609515
0.28871844960577925
0.28871617287837170
0.28869893566777588
0.28869656543732108
0.28873822772346552
0.28875325536948021
0.28875171709150915
0.28875407072382309
0.28875179795917588
0.28872074825585492
0.28873949560475703
0.28870377147923754
0.28870138250153776
0.28823416665939583
0.28835345399208429
0.28800986468845530
0.28832691176758218
0.28854660209598942
0.28847304223954501
0.28862668497444438
0.28848675349331515
0.28805601633673539
0.28825996708684670
0.28792083665369772
0.28787679659787480
0.28796176884423907
0.28782841465344178
0.28777867032857884
0.28820626503044261
0.33196434995343871
0.33197103129555305
0.33197163672786345
0.33194336272543840
0.33194102195919434
0.33192329994154579
0.33192086305084439
0.33196369721758995
0.33197914773591930
0.33197756616067747
0.33197998604229473
0.33197764930438273
0.33194572603225797
0.33196500077049673
0.33192827175779088
0.33192581559082329
0.33144545836100686
0.33156810227369232
0.33121484057137063
0.33154081330844859
0.33176668276489402
0.33169105429113510
0.33184901750034518
0.33170515114836452
0.33126229223919967
0.33147198489875873
0.33112330397984929
0.33107802261101882
0.33116538965220815
0.33102827666802398
0.33097712959682357
0.33141677140624431
0.37571250589661170
0.37571933375512778
0.37571995246567585
0.37569105857735313
0.37568866650526311
0.37567055609278399
0.37566806580041529
0.37571183884829523
0.37572762823768829
0.37572601196157984
0.37572848494013322
0.37572609692938702
0.37569347368567707
0.37571317098430446
0.37567563686417665
0.37567312687079391
0.37518224393382676
0.37530757639003609
0.37494656654674174
0.37527968932113953
0.37551050780791384
0.37543322254205647
0.37559464615873861
0.37544762823495792
0.37499505975741204
0.37520935208892486
0.37485302000029375
0.37480674395885966
0.37489602991531018
0.37475590496774314
0.37470363372247018
0.37515292791577520
0.41983197890945889
0.41983891439973903
0.41983954286526737
0.41981019366954303
0.41980776391963931
0.41978936830082797
0.41978683879714734
0.41983130134779645
0.41984733969733656
0.41984569792184745
0.41984820991912714
0.41984578423001195
0.41981264682046371
0.41983265447987655
0.41979452907669396
0.41979197955889702
0.41929337056570981
0.41942067648212533
0.41905397843735570
0.41939235040972250
0.41962680130834817
0.41954830002580762
0.41971226353462882
0.41956293238898190
0.41910323645805186
0.41932090566438973
0.41895895578289855
0.41891194915821001
0.41900264449218461
0.41886030724948886
0.41880721013451744
0.41926359276010072
0.46416907842962796
0.46417608094349544
0.46417671548453376
0.46414708285100820
0.46414462965470810
0.46412605658567635
0.46412350268904690
0.46416839432209539
0.46418458773412613
0.46418293006909978
0.46418546638202696
0.46418301721241156
0.46414955967639820
0.46416976052699827
0.46413126713401714
0.46412869302681198
0.46362528160482980
0.46375381418080935
0.46338357939450547
0.46372521525755617
0.46396192364774136
0.46388266662852867
0.46404820878891639
0.46389743985987592
0.46343331316900432
0.46365308210843698
0.46328763827958164
0.46324017694870512
0.46333174938729987
0.46318803521373403
0.46313442387137543
0.46359521671448228
0.50856895347655784
0.50857598156906925
0.50857661843027913
0.50854687776568819
0.50854441564686959
0.50852577509680530
0.50852321192976901
0.50856826687233803
0.50858451951266781
0.50858285576653905
0.50858540138809216
0.50858294322935360
0.50854936360209779
0.50856963806363542
0.50853100456493805
0.50852842110997476
0.50802319089382619
0.50815218796111383
0.50778061230243798
0.50812348575496624
0.50836104850398778
0.50828150546218698
0.50844764533551079
0.50829633200039925
0.50783052678211382
0.50805109193572995
0.50768432196054480
0.50763668754509417
0.50772859373962276
0.50758435539650704
0.50753054797989849
0.50799301722330648
0.55287659093199271
0.55288360322626706
0.55288423865842262
0.55285456507641506
0.55285210853419331
0.55283351028318650
0.55283095294209073
0.55287590587356417
0.55289212206349381
0.55289046202923053
0.55289300197594904
0.55289054929671921
0.55285704528533930
0.55287727397820619
0.55283872787173860
0.55283615028435484
0.55233207964540776
0.55246078035392510
0.55209005601203498
0.55243214413645414
0.55266916060072646
0.55258980041000094
0.55275555881197624
0.55260459285014396
0.55213985662007625
0.55235991664090367
0.55199398478923656
0.55194645848335866
0.55203815591681316
0.55189424487329630
0.55184055907231488
0.55230197519656987
0.59693760796547957
0.59694456404026386
0.59694519438066451
0.59691575894491822
0.59691332214252057
0.59689487342561476
0.59689233665660191
0.59693692840189827
0.59695301467041195
0.59695136791550762
0.59695388754879664
0.59695145448470077
0.59691821922690069
0.59693828553339745
0.59690004904954252
0.59689749219221344
0.59639749022410182
0.59652515140919227
0.59615741971397695
0.59649674651497242
0.59673184865054840
0.59665312926813097
0.59681754980648083
0.59666780224025751
0.59620681868881331
0.59642510241162250
0.59606212282711302
0.59601497933932024
0.59610593801374401
0.59596318610216326
0.59590993229673339
0.59636762886576800
0.64059882661225487
0.64060568784077332
0.64060630958925657
0.64057727576304280
0.64057487223380383
0.64055667551481310
0.64055417340766785
0.64059815631719752
0.64061402334062933
0.64061239900858702
0.64061488433844904
0.64061248439880913
0.64057970245450124
0.64059949493929713
0.64056178042799128
0.64055925850177664
0.64006610453883195
0.64019201618666655
0.63982932302258944
0.64016400057344491
0.64039588138398829
0.64031824033139895
0.64048040928115146
0.64033271227537847
0.63987804541390869
0.64009333832621795
0.63973533098666380
0.63968883281219624
0.63977854629802489
0.63963774837000809
0.63958522315587241
0.64003665238721275
0.68370863108287272
0.68371536139695088
0.68371597128512895
0.68368749169748100
0.68368513407709164
0.68366728502126584
0.68366483073062467
0.68370797357998059
0.68372353794900409
0.68372194457846758
0.68372438254024082
0.68372202834084717
0.68368987204103759
0.68370928665574826
0.68367229238527705
0.68366981864883059
0.68318610720148665
0.68330960652967854
0.68295386173714834
0.68328212764665930
0.68350956708227617
0.68343341277915359
0.68359247717714100
0.68344760756043976
0.68300165086661768
0.68321281921274701
0.68286166982487351
0.68281606202838263
0.68290405752899153
0.68276595565677534
0.68271443594721759
0.68315721932448348
0.72611711885937757
0.72612368541904493
0.72612428047098243
0.72609649408324028
0.72609419387517649
0.72607677957326722
0.72607438507440958
0.72611647735684637
0.72613166312501309
0.72613010849122595
0.72613248718816503
0.72613019021702885
0.72609881646454544
0.72611775847930415
0.72608166495563342
0.72607925147906882
0.72560734401878102
0.72572782780478839
0.72538076963063503
0.72570101985068791
0.72592290748351196
0.72584861165982650
0.72600379514833036
0.72586245998413390
0.72542739187413430
0.72563340376177565
0.72529082864083039
0.72524633428652230
0.72533218145354239
0.72519745109178857
0.72514718895061048
0.72557916155028646
0.76767606422044832
0.76768243797557578
0.76768301555869367
0.76765604528828024
0.76765381266712851
0.76763691014646529
0.76763458603059032
0.76767544155616174
0.76769018153890423
0.76768867252069062
0.76769098142750869
0.76768875184831087
0.76765829943459074
0.76767668505785747
0.76764165193833700
0.76763930939688074
0.76718129396143575
0.76729822886958987
0.76696139418710507
0.76727221049582295
0.76748756451556110
0.76741545585483240
0.76756607195593385
0.76742889645325285
0.76700664298120858
0.76720658606250580
0.76687410271009082
0.76683091903262401
0.76691423735215813
0.76678347574281269
0.76673469405433070
0.76715394168405793
0.80823871709845152
0.80824487323496286
0.80824543110047675
0.80821938193346698
0.80821722558874554
0.80820090063107453
0.80819865594277684
0.80823811569639592
0.80825235250321070
0.80825089497723734
0.80825312510190328
0.80825097159775772
0.80822155907133419
0.80823931673644378
0.80820548037884132
0.80820321788900684
0.80776087704460753
0.80787380781404494
0.80754850851142690
0.80784868030361734
0.80805666258081066
0.80798702167858460
0.80813248432338081
0.80800000224742841
0.80759220753014527
0.80778530302030138
0.80746420679589936
0.80742250216391631
0.80750296681366196
0.80737668379098659
0.80732957282596063
0.80773446147313754
0.84765946092693389
0.84766537919539720
0.84766591550810855
0.84764087310979652
0.84763880013103665
0.84762310640281791
0.84762094852054348
0.84765888276511137
0.84767256955982229
0.84767116832267841
0.84767331232566467
0.84767124198396360
0.84764296608110790
0.84766003739327789
0.84762750905204098
0.84762533405111706
0.84720012136394030
0.84730867681820077
0.84699598246975005
0.84728452274900490
0.84748444989440508
0.84741750555589646
0.84755733681862078
0.84742998344679643
0.84703798795592022
0.84722360092131588
0.84691494792153532
0.84687485960899633
0.84695220575709840
0.84683081699883334
0.84678553189369321
0.84717472933880222
0.88579335031702555
0.88579901524586702
0.88579952860349409
0.88577555841739419
0.88577357421967584
0.88575855270875670
0.88575648726739253
0.88579279690663371
0.88580589790091047
0.88580455661848656
0.88580660889024365
0.88580462712784458
0.88577756175457067
0.88579390210491626
0.88576276676213150
0.88576068493013838
0.88535370977715533
0.88545760669913864
0.88515833339387129
0.88543448908192623
0.88562583958242169
0.88556176643243978
0.88569560152542537
0.88557370909773736
0.88519853566191375
0.88537618165209453
0.88508077767444615
0.88504241042395870
0.88511643600013046
0.88500025867693610
0.88495691780858576
0.88532940755764233
0.92249554283226221
0.92250094383147840
0.92250143327407264
0.92247858008439776
0.92247668837226804
0.92246236711519913
0.92246039796864121
0.92249501520758037
0.92250750590125319
0.92250622708402508
0.92250818378282640
0.92250629430950459
0.92248049004683896
0.92249606891041225
0.92246638470897435
0.92246439993090545
0.92207642021623248
0.92217546519990579
0.92189017020650088
0.92215342706616921
0.92233584470171592
0.92227476203859038
0.92240235171042217
0.92228614724475055
0.92192849435969881
0.92209784257387861
0.92181623784807132
0.92177966318507365
0.92185023020338630
0.92173948090199298
0.92169816511175984
0.92205325304745167
0.95762062825463012
0.95762575961882923
0.95762622462906255
0.95760451254923318
0.95760271531589436
0.95758910939231412
0.95758723861275685
0.95762012697273269
0.95763199416130762
0.95763077916345662
0.95763263821676747
0.95763084303389467
0.95760632712415261
0.95762112806755018
0.95759292629778592
0.95759104066285972
0.95722246279189516
0.95731655223708634
0.95704553402519110
0.95729561663986906
0.95746891048664040
0.95741088227818461
0.95753209282757634
0.95742169810626310
0.95708193995207813
0.95724281322522642
0.95697530243762319
0.95694055867369876
0.95700759322610152
0.95690238795926685
0.95686314055625454
0.95720045490646100
0.99102184217971223
0.99102670300181428
0.99102714349717680
0.99100657633633560
0.99100487389412806
0.99099198565802382
0.99099021356782602
0.99102136732891333
0.99103260890446021
0.99103145794415370
0.99103321901762387
0.99103151844810300
0.99100829520800782
0.99102231563929721
0.99099560121656949
0.99099381505032003
0.99064470033398011
0.99073381879671663
0.99047712180127290
0.99071398917713549
0.99087813058669871
0.99082316647798840
0.99093797765495417
0.99083341113544787
0.99051160353376200
0.99066397550650653
0.99041060251137625
0.99037769535772369
0.99044118643063239
0.99034154249476636
0.99030436994928683
0.99062385533867203
1.0225501256201648
1.0225547196293949
1.0225551359475213
1.0225356978973148
1.0225340889346963
1.0225219084462744
1.0225202336773953
1.0225496768358622
1.0225603014127593
1.0225592136103683
1.0225608780493820
1.0225592707940920
1.0225373223895560
1.0225505730899038
1.0225253254481184
1.0225236373722753
1.0221937138690502
1.0222779310220305
1.0220353544157512
1.0222591918849140
1.0224143089066215
1.0223623660834642
1.0224708672034386
1.0223720475564777
1.0220679389479628
1.0222119288567726
1.0219724953477312
1.0219413990441242
1.0220013963406815
1.0219072357344561
1.0218721089544516
1.0221740154568182
1.0520529525799471
1.0520572879201338
1.0520576807987290
1.0520393373724701
1.0520378190318769
1.0520263246474233
1.0520247442225896
1.0520525290662823
1.0520625554688907
1.0520615288993564
1.0520630996489202
1.0520615828640738
1.0520408703700515
1.0520533748533154
1.0520295491660880
1.0520279561803589
1.0517166348130873
1.0517961013144093
1.0515672109278158
1.0517784191467889
1.0519247889408259
1.0518757746659373
1.0519781593186228
1.0518849102462953
1.0515979566115359
1.0517338222102348
1.0515078995010787
1.0514785583494568
1.0515351693312598
1.0514463233995335
1.0514131794646080
1.0516980477305420
1.0793727810868956
1.0793768700539972
1.0793772406070583
1.0793599397512887
1.0793585077212386
1.0793476667908026
1.0793461762194843
1.0793723816424166
1.0793818382983404
1.0793808700532255
1.0793823515630445
1.0793809209518495
1.0793613856069444
1.0793731793617862
1.0793507079873221
1.0793492055661067
1.0790555991465560
1.0791305417668118
1.0789146841456871
1.0791138661214073
1.0792519060056713
1.0792056806124710
1.0793022404143195
1.0792142963392177
1.0789436787984357
1.0790718080109118
1.0788587509273624
1.0788310811000392
1.0788844674991531
1.0788006824084495
1.0787694266144121
1.0790380703349833
1.1043448638391176
1.1043487226007196
1.1043490722931237
1.1043327455751641
1.1043313941886370
1.1043211638010815
1.1043197571819690
1.1043444868841750
1.1043534111758042
1.1043524974296322
1.1043538955526098
1.1043525454632783
1.1043341100102813
1.1043452396905087
1.1043240337149414
1.1043226159106079
1.1040455594283685
1.1041162758566052
1.1039125932439171
1.1041005405068152
1.1042307984107114
1.1041871784961297
1.1042782964263298
1.1041953085601437
1.1039399521328683
1.1040608541571570
1.1038598158409807
1.1038337073074200
1.1038840814096340
1.1038050239827137
1.1037755320202094
1.1040290192397995
1.1267939224384929
1.1267975707640290
1.1267979013870910
1.1267824651370397
1.1267811874660569
1.1267715151652933
1.1267701852848067
1.1267935660416075
1.1268020036823412
1.1268011397564262
1.1268024616510124
1.1268011851710606
1.1267837551461688
1.1267942777921691
1.1267742285134665
1.1267728880556300
1.1265109581631836
1.1265778120204963
1.1263852567383075
1.1265629360692704
1.1266860813670736
1.1266448428578648
1.1267309868575044
1.1266525290300795
1.1264111206450902
1.1265254174139552
1.1263353635335132
1.1263106819098045
1.1263583029870348
1.1262835663033461
1.1262556863490860
1.1264953215277771
1.1465286916492459
1.1465321526900731
1.1465324663416177
1.1465178225831567
1.1465166105158602
1.1465074348844666
1.1465061732970192
1.1465283535485942
1.1465363580742978
1.1465355384887952
1.1465367925393417
1.1465355815724965
1.1465190463561961
1.1465290287603742
1.1465100088976694
1.1465087372740825
1.1462602681534204
1.1463236849332750
1.1461410310920501
1.1463095737159024
1.1464263897631948
1.1463872704127509
1.1464689881723809
1.1463945615785816
1.1461655647370776
1.1462739839654885
1.1460937042859509
1.1460702923408304
1.1461154637460627
1.1460445717022349
1.1460181261220674
1.1462454355298883
1.1633321321226511
1.1633354323026337
1.1633357313770787
1.1633217682904637
1.1633206125694395
1.1633118635188664
1.1633106605867687
1.1633318097367531
1.1633394422527132
1.1633386607525298
1.1633398565296509
1.1633387018341299
1.1633229351739616
1.1633324535651244
1.1633143178601435
1.1633131053569148
1.1630761966097760
1.1631366616580068
1.1629625109865229
1.1631232071912259
1.1632345876134471
1.1631972882430843
1.1632752046115351
1.1632042401709550
1.1629859022438127
1.1630892739669618
1.1629173881140158
1.1628950665200102
1.1629381342385923
1.1628705438230540
1.1628453300219179
1.1630620544584722
1.1769416057577142
1.1769447748894024
1.1769450620882858
1.1769316535186067
1.1769305437001689
1.1769221421624001
1.1769209870134594
1.1769412961740853
1.1769486256236124
1.1769478751509215
1.1769490234535391
1.1769479146014450
1.1769327740568742
1.1769419144354698
1.1769244990136281
1.1769233346724910
1.1766958429672632
1.1767539036125423
1.1765866793273700
1.1767409841203258
1.1768479367403923
1.1768121199236679
1.1768869396565003
1.1768187955102141
1.1766091400468914
1.1767084002585184
1.1765433516724064
1.1765219182221494
1.1765632723841555
1.1764983713042436
1.1764741608418663
1.1766822632521645
1.1869996660850319
1.1870027380114490
1.1870030164015890
1.1869900191427394
1.1869889433720677
1.1869807995971486
1.1869796798905665
1.1869993659974707
1.1870064706460459
1.1870057431883692
1.1870068562761535
1.1870057814290229
1.1869911053048789
1.1869999652945615
1.1869830841366609
1.1869819555190204
1.1867614484375482
1.1868177257761245
1.1866556386357467
1.1868052030675480
1.1869088716081280
1.1868741544044703
1.1869466773406927
1.1868806250289823
1.1866774092033983
1.1867736200059045
1.1866136424347624
1.1865928676894226
1.1866329509656457
1.1865700444709315
1.1865465781464466
1.1867482858696716
1.1928385733623956
1.1928415887459016
1.1928418620121088
1.1928291040057444
1.1928280480399567
1.1928200541999505
1.1928189551093438
1.1928382787985508
1.1928452526832498
1.1928445386132038
1.1928456312168123
1.1928445761500901
1.1928301701719812
1.1928388670644035
1.1928222966774220
1.1928211888393132
1.1926047444254708
1.1926599845038930
1.1925008853655912
1.1926476925851539
1.1927494509211727
1.1927153733180980
1.1927865602941863
1.1927217247248074
1.1925222545117120
1.1926166916387770
1.1924596635925766
1.1924392719759989
1.1924786160544003
1.1924168696890050
1.1923938361831723
1.1925918244901881
-0.39582912434090706
-0.39582909792316584
-0.39582913231447586
-0.39582914169589750
-0.39582909111225278
-0.39582908358311053
-0.39582907698259795
-0.39582911518712333
-0.39582918444293552
-0.39582916424784764
-0.39582922478092836
-0.39582917590446581
-0.39582910501704760
-0.39582913345261994
-0.39582909740918543
-0.39582909049467296
-0.39582904179902612
-0.39582903606267050
-0.39582903265772307
-0.39582905733871609
-0.39582906240638593
-0.39582906903459164
-0.39582907424441116
-0.39582904533548752
-0.39582901696704970
-0.39582902398773095
-0.39582900875950389
-0.39582902184193114
-0.39582905253041595
-0.39582903870976299
-0.39582905974655830
-0.39582906405666124
-0.39582177200872654
-0.39582172956314932
-0.39582178482028857
-0.39582179989414362
-0.39582171862031140
-0.39582170652366722
-0.39582169591912525
-0.39582175730106212
-0.39582186858213469
-0.39582183613108080
-0.39582193340371274
-0.39582185486171562
-0.39582174096075562
-0.39582178664901985
-0.39582172873735200
-0.39582171762807539
-0.39582163939433351
-0.39582163017880517
-0.39582162470875581
-0.39582166435948757
-0.39582167250104894
-0.39582168314982330
-0.39582169151992308
-0.39582164507574780
-0.39582159950208418
-0.39582161078055011
-0.39582158631713171
-0.39582160733338762
-0.39582165663468527
-0.39582163443138207
-0.39582166822784359
-0.39582167515234512
-0.39581170406247196
-0.39581164008856801
-0.39581172337253340
-0.39581174609270203
-0.39581162359594985
-0.39581160536455495
-0.39581158938214256
-0.39581168189481841
-0.39581184962717986
-0.39581180071237382
-0.39581194733985398
-0.39581182894564770
-0.39581165726677342
-0.39581172612888393
-0.39581163884395265
-0.39581162210049886
-0.39581150419464117
-0.39581149030650603
-0.39581148206299926
-0.39581154181862799
-0.39581155408863811
-0.39581157013736629
-0.39581158275202361
-0.39581151275679743
-0.39581144407642771
-0.39581146107301907
-0.39581142420699506
-0.39581145587814387
-0.39581153017679410
-0.39581149671527877
-0.39581154764855075
-0.39581155808438184
-0.39579775188146832
-0.39579765860591593
-0.39579778003669963
-0.39579781316447604
-0.39579763455982564
-0.39579760797888092
-0.39579758467713000
-0.39579771956008380
-0.39579796413134555
-0.39579789280600081
-0.39579810661760373
-0.39579793397422869
-0.39579768365183016
-0.39579778405565019
-0.39579765679126977
-0.39579763237948268
-0.39579746048060754
-0.39579744023340169
-0.39579742821545161
-0.39579751533260099
-0.39579753322130040
-0.39579755661926136
-0.39579757501073115
-0.39579747296326689
-0.39579737283675570
-0.39579739761507465
-0.39579734387059917
-0.39579739004174952
-0.39579749835984956
-0.39579744957658997
-0.39579752383214928
-0.39579753904680443
-0.39577869027094675
-0.39577855764955405
-0.39577873030363730
-0.39577877740711565
-0.39577852346100645
-0.39577848566878132
-0.39577845253915500
-0.39577864431510884
-0.39577899207023076
-0.39577889064962773
-0.39577919468582323
-0.39577894918818390
-0.39577859325997200
-0.39577873601804181
-0.39577855506949322
-0.39577852036102668
-0.39577827596570164
-0.39577824718049642
-0.39577823009482677
-0.39577835394920630
-0.39577837938205551
-0.39577841264782859
-0.39577843879588720
-0.39577829371225443
-0.39577815136507866
-0.39577818659125397
-0.39577811018566422
-0.39577817582457792
-0.39577832981874284
-0.39577826046356596
-0.39577836603322336
-0.39577838766436946
-0.39575304244071063
-0.39575285775587438
-0.39575309819032556
-0.39575316378745573
-0.39575281014685948
-0.39575275752004535
-0.39575271138645146
-0.39575297844320034
-0.39575346274095169
-0.39575332149415421
-0.39575374493119847
-0.39575340301939183
-0.39575290734533980
-0.39575310614826392
-0.39575285416301509
-0.39575280583002537
-0.39575246551124332
-0.39575242542941835
-0.39575240163869374
-0.39575257410046316
-0.39575260951524782
-0.39575265583757901
-0.39575269224881932
-0.39575249022249220
-0.39575229201376549
-0.39575234106315316
-0.39575223467555737
-0.39575232607144656
-0.39575254049943576
-0.39575244392533077
-0.39575259092721127
-0.39575262104826969
-0.39571903143034104
-0.39571877881247031
-0.39571910768803809
-0.39571919741669986
-0.39571871369262523
-0.39571864171002918
-0.39571857860934989
-0.39571894389157569
-0.39571960636051218
-0.39571941314387210
-0.39571999239296951
-0.39571952466463944
-0.39571884664175144
-0.39571911857344738
-0.39571877389812105
-0.39571870778806462
-0.39571824231418934
-0.39571818749372217
-0.39571815495499635
-0.39571839083505889
-0.39571843927356393
-0.39571850263128877
-0.39571855243339599
-0.39571827611229393
-0.39571800502199289
-0.39571807210604076
-0.39571792660217331
-0.39571805160206830
-0.39571834487758850
-0.39571821279079095
-0.39571841384977519
-0.39571845504789621
-0.39567453856578272
-0.39567419845632518
-0.39567464123656237
-0.39567476204539243
-0.39567411078455850
-0.39567401387416595
-0.39567392892220965
-0.39567442070770897
-0.39567531265540623
-0.39567505250134610
-0.39567583244193633
-0.39567520265631279
-0.39567428977656832
-0.39567465589238510
-0.39567419184004365
-0.39567410283519888
-0.39567347618140652
-0.39567340238050885
-0.39567335857616293
-0.39567367612691295
-0.39567374133778177
-0.39567382663438172
-0.39567389368191291
-0.39567352168163183
-0.39567315673525588
-0.39567324704384776
-0.39567305116735269
-0.39567321944130951
-0.39567361425651204
-0.39567343643609443
-0.39567370711068045
-0.39567376257423093
-0.39561706270284519
-0.39561661126148429
-0.39561719898456021
-0.39561735934361841
-0.39561649489321238
-0.39561636626334762
-0.39561625350686280
-0.39561690626348306
-0.39561809023228101
-0.39561774489532736
-0.39561878023657970
-0.39561794421498331
-0.39561673247335488
-0.39561721843829889
-0.39561660247954794
-0.39561648434193042
-0.39561565259886100
-0.39561555464751408
-0.39561549650901329
-0.39561591797715401
-0.39561600452944351
-0.39561611774159250
-0.39561620673275522
-0.39561571298878528
-0.39561522862218979
-0.39561534848079138
-0.39561508851240340
-0.39561531184628917
-0.39561583585899757
-0.39561559984730205
-0.39561595910085334
-0.39561603271600176
-0.39554367920962497
-0.39554308766458601
-0.39554385778916584
-0.39554406792081548
-0.39554293518430672
-0.39554276663858756
-0.39554261889307119
-0.39554347421789482
-0.39554502568990096
-0.39554457314917169
-0.39554592992205834
-0.39554483434295828
-0.39554324649268291
-0.39554388328089041
-0.39554307615735657
-0.39554292135874863
-0.39554183153638789
-0.39554170319554360
-0.39554162701987272
-0.39554217925231189
-0.39554229265994928
-0.39554244100032177
-0.39554255760496210
-0.39554191066271632
-0.39554127602595418
-0.39554143306785022
-0.39554109245184466
-0.39554138506824160
-0.39554207165516680
-0.39554176241851513
-0.39554223313575371
-0.39554232959232782
-0.39545099843013964
-0.39545023236849020
-0.39545122969773638
-0.39545150182884009
-0.39545003490689007
-0.39544981664208506
-0.39544962531460465
-0.39545073295989586
-0.39545274221937310
-0.39545215613515700
-0.39545391332216323
-0.39545249440509478
-0.39545043805187213
-0.39545126271067671
-0.39545021746661035
-0.39545001700288884
-0.39544860572390217
-0.39544843953166586
-0.39544834089003861
-0.39544905599579966
-0.39544920285354274
-0.39544939494866865
-0.39544954594808790
-0.39544870818730665
-0.39544788638409695
-0.39544808973855694
-0.39544764867465232
-0.39544802758344100
-0.39544891666303927
-0.39544851622107507
-0.39544912577232239
-0.39544925067945075
-0.39533512344500721
-0.39533414203774375
-0.39533541972821462
-0.39533576836549056
-0.39533388907199174
-0.39533360945729312
-0.39533336435301580
-0.39533478334647409
-0.39533735751320687
-0.39533660663368309
-0.39533885794797768
-0.39533704001677905
-0.39533440553796650
-0.39533546202216330
-0.39533412294706538
-0.39533386613546107
-0.39533205820833572
-0.39533184531199111
-0.39533171895015540
-0.39533263502320332
-0.39533282315510920
-0.39533306923958816
-0.39533326267921881
-0.39533218946702237
-0.39533113672420805
-0.39533139722197785
-0.39533083221965742
-0.39533131760088480
-0.39533245653195442
-0.39533194355287593
-0.39533272441021355
-0.39533288442260556
-0.39519160682156346
-0.39519036197571356
-0.39519198264127220
-0.39519242487256340
-0.39519004111093720
-0.39518968644642888
-0.39518937555691180
-0.39519117542748378
-0.39519444068142284
-0.39519348819361366
-0.39519634402534970
-0.39519403793645719
-0.39519069620446690
-0.39519203628913113
-0.39519033776080625
-0.39519001201805781
-0.39518771887567089
-0.39518744884785012
-0.39518728857698221
-0.39518845048726609
-0.39518868910916433
-0.39518900123819839
-0.39518924659467730
-0.39518788535872296
-0.39518655011731180
-0.39518688051551348
-0.39518616390624983
-0.39518677952916281
-0.39518822409426702
-0.39518757345185934
-0.39518856386343404
-0.39518876681957127
-0.39501540583826167
-0.39501384126500422
-0.39501587819005013
-0.39501643401540432
-0.39501343799410676
-0.39501299224528846
-0.39501260151577483
-0.39501486364094912
-0.39501896766687683
-0.39501777048346848
-0.39502136003824623
-0.39501846145384811
-0.39501426133430395
-0.39501594561799369
-0.39501381083102854
-0.39501340142954966
-0.39501051941281834
-0.39501018004941435
-0.39500997862617504
-0.39501143888921597
-0.39501173878730661
-0.39501213107031935
-0.39501243943513331
-0.39501072864479359
-0.39500905056070107
-0.39500946579008261
-0.39500856519107946
-0.39500933887481027
-0.39501115436137496
-0.39501033664806029
-0.39501158137933184
-0.39501183645337290
-0.39480083540848959
-0.39479888559227061
-0.39480142407384533
-0.39480211677172999
-0.39479838303021375
-0.39479782753429066
-0.39479734060625110
-0.39480015970258420
-0.39480527439407170
-0.39480378236467317
-0.39480825602837649
-0.39480464350681149
-0.39479940909124239
-0.39480150810574655
-0.39479884766492546
-0.39479833746304710
-0.39479474592188268
-0.39479432301842599
-0.39479407201223221
-0.39479589175135643
-0.39479626547982305
-0.39479675433894662
-0.39479713862162202
-0.39479500666068551
-0.39479291549895634
-0.39479343293751090
-0.39479231065824472
-0.39479327478163762
-0.39479553717826549
-0.39479451816627509
-0.39479606932022243
-0.39479638719007909
-0.39454151762754402
-0.39453910667620973
-0.39454224552097672
-0.39454310205671256
-0.39453848526360336
-0.39453779840184172
-0.39453719632575796
-0.39454068211155063
-0.39454700658644737
-0.39454516161807796
-0.39455069359361000
-0.39454622646026816
-0.39453975397983276
-0.39454234942795663
-0.39453905977936327
-0.39453842892041702
-0.39453398809504880
-0.39453346519719040
-0.39453315484211532
-0.39453540486207683
-0.39453586696356097
-0.39453647142201903
-0.39453694657680483
-0.39453431048576448
-0.39453172488670951
-0.39453236466500247
-0.39453097704497903
-0.39453216911551114
-0.39453496644683095
-0.39453370648700320
-0.39453562441926132
-0.39453601745411826
-0.39423032652592832
-0.39422736687584825
-0.39423122008582362
-0.39423227157146296
-0.39422660404513188
-0.39422576087384736
-0.39422502178572388
-0.39422930085352542
-0.39423706484904925
-0.39423479991603733
-0.39424159119127938
-0.39423610714212104
-0.39422816149265222
-0.39423134764204171
-0.39422730930634592
-0.39422653487976822
-0.39422108351432733
-0.39422044163675102
-0.39422006066468102
-0.39422282266109027
-0.39422338991503492
-0.39422413192196892
-0.39422471520315960
-0.39422147926251649
-0.39421830535167812
-0.39421909069683841
-0.39421738735947381
-0.39421885065423529
-0.39422228448465874
-0.39422073782919220
-0.39422309217892476
-0.39422357465045971
-0.39385932623024389
-0.39385571717304213
-0.39386041586352011
-0.39386169808100752
-0.39385478696864273
-0.39385375879929818
-0.39385285755254568
-0.39385807549980156
-0.39386754323453060
-0.39386478125240482
-0.39387306297549596
-0.39386637535176866
-0.39385668614072661
-0.39386057140964487
-0.39385564697204273
-0.39385470262775463
-0.39384805525442285
-0.39384727256090735
-0.39384680801163496
-0.39385017594749994
-0.39385086765278671
-0.39385177245292474
-0.39385248370541986
-0.39384853782336160
-0.39384466762929471
-0.39384562525658784
-0.39384354825986589
-0.39384533255522275
-0.39384951970055476
-0.39384763373218368
-0.39385050459537091
-0.39385109291813969
-0.39341970030342527
-0.39341532629200737
-0.39342102089675435
-0.39342257489937099
-0.39341419893355245
-0.39341295284988609
-0.39341186059198463
-0.39341818447107874
-0.39342965908451705
-0.39342631161566599
-0.39343634897406898
-0.39342824363036011
-0.39341650063235184
-0.39342120941293152
-0.39341524121202182
-0.39341409671699618
-0.39340604053251305
-0.39340509196791712
-0.39340452897069128
-0.39340861065976063
-0.39340944895977992
-0.39341054551859300
-0.39341140751205916
-0.39340662537006765
-0.39340193500428244
-0.39340309556757042
-0.39340057842694998
-0.39340274083795962
-0.39340781533423197
-0.39340552967960313
-0.39340900895856401
-0.39340972196647200
-0.39290166954817196
-0.39289639822884026
-0.39290326106180445
-0.39290513387276127
-0.39289503960369643
-0.39289353790069509
-0.39289222158131920
-0.39289984274602391
-0.39291367145488948
-0.39290963720547584
-0.39292173393011559
-0.39291196559784647
-0.39289781347620151
-0.39290348825241445
-0.39289629569543777
-0.39289491641851565
-0.39288520765470281
-0.39288406451727015
-0.39288338603691386
-0.39288830498372529
-0.39288931524412007
-0.39289063674185087
-0.39289167555900451
-0.39288591245698917
-0.39288025999864840
-0.39288165861395291
-0.39287862516668220
-0.39288123112276196
-0.39288734651437074
-0.39288459201367504
-0.39288878498534985
-0.39288964425291889
-0.39229439499536978
-0.39228807489947909
-0.39229630315962849
-0.39229854859140173
-0.39228644596743995
-0.39228464549316316
-0.39228306728710882
-0.39229220473177512
-0.39230878487704118
-0.39230394793450268
-0.39231845158064887
-0.39230673960459117
-0.39228977172075635
-0.39229657555269504
-0.39228795196636529
-0.39228629827388212
-0.39227465793917332
-0.39227328737864192
-0.39227247391762010
-0.39227837147668448
-0.39227958272857216
-0.39228116713988298
-0.39228241263204777
-0.39227550295994751
-0.39226872597350343
-0.39227040283345610
-0.39226676590571102
-0.39226989029570664
-0.39227722232051387
-0.39227391981841819
-0.39227894697460841
-0.39227997719392760
-0.39158586214172858
-0.39157831995388920
-0.39158813928119240
-0.39159081890502384
-0.39157637604259243
-0.39157422741915532
-0.39157234404329100
-0.39158324835492125
-0.39160303455662232
-0.39159726230458319
-0.39161457049858439
-0.39160059379376821
-0.39158034488225729
-0.39158846434601341
-0.39157817324973926
-0.39157619979021485
-0.39156230862875557
-0.39156067305216541
-0.39155970229785225
-0.39156674022984556
-0.39156818569449386
-0.39157007647461622
-0.39157156280096839
-0.39156331704569458
-0.39155522964187983
-0.39155723074324461
-0.39155289057195719
-0.39155661909996625
-0.39156536886824217
-0.39156142778251329
-0.39156742700843739
-0.39156865643538408
-0.39076274172048064
-0.39075377901991881
-0.39076544773702565
-0.39076863203923429
-0.39075146898430591
-0.39074891567850695
-0.39074667757686055
-0.39075963564973859
-0.39078314833983729
-0.39077628897174982
-0.39079685685911358
-0.39078024789806071
-0.39075618533011125
-0.39076583402447268
-0.39075360468495257
-0.39075125953575141
-0.39073475201289792
-0.39073280837553565
-0.39073165477928523
-0.39074001830128147
-0.39074173601614076
-0.39074398291955176
-0.39074574919049526
-0.39073595036467623
-0.39072633969321485
-0.39072871770513035
-0.39072356005452435
-0.39072799085800836
-0.39073838864592758
-0.39073370525941720
-0.39074083443326346
-0.39074229541991884
-0.38981022135250371
-0.38979961069877905
-0.38981342490602755
-0.38981719467678499
-0.38979687591134909
-0.38979385311816805
-0.38979120348289525
-0.38980654418225269
-0.38983437985224556
-0.38982625938576854
-0.38985060857385961
-0.38983094616745018
-0.38980245945853259
-0.38981388221705515
-0.38979940430856941
-0.38979662795077580
-0.38977708502678132
-0.38977478398014476
-0.38977341825147016
-0.38978331970213731
-0.38978535327303127
-0.38978801333707963
-0.38979010438722927
-0.38977850373827022
-0.38976712577318617
-0.38976994108058310
-0.38976383497865891
-0.38976908057307291
-0.38978139038120280
-0.38977584578948304
-0.38978428590599529
-0.38978601554034686
-0.38871180129429600
-0.38869928149679622
-0.38871558122952526
-0.38872002924100019
-0.38869605462719981
-0.38869248792031380
-0.38868936150832767
-0.38870746251554827
-0.38874030609846799
-0.38873072476845338
-0.38875945412927709
-0.38873625470629952
-0.38870264283760986
-0.38871612081879547
-0.38869903797018390
-0.38869576204960421
-0.38867270244444668
-0.38866998730616359
-0.38866837580120367
-0.38868005907176340
-0.38868245858216716
-0.38868559731608426
-0.38868806463862177
-0.38867437646164782
-0.38866095090565606
-0.38866427287082611
-0.38865706787254967
-0.38866325750260172
-0.38867778256700231
-0.38867124019721061
-0.38868119914380173
-0.38868324002303195
-0.38744904613282499
-0.38743431650370030
-0.38745349321258404
-0.38745872625744238
-0.38743052003594969
-0.38742632372805569
-0.38742264542313315
-0.38744394155258749
-0.38748258146285808
-0.38747130934062807
-0.38750510812945649
-0.38747781514703444
-0.38743827116474927
-0.38745412803582152
-0.38743402999091170
-0.38743017581269246
-0.38740304539136283
-0.38739985089330053
-0.38739795487158685
-0.38741170079074300
-0.38741452390674386
-0.38741821673649673
-0.38742111961854125
-0.38740501495304608
-0.38738921904446183
-0.38739312754041982
-0.38738465040122794
-0.38739193289876406
-0.38740902238886060
-0.38740132498437096
-0.38741304213012384
-0.38741544330030731
-0.38600128263744810
-0.38598399597802652
-0.38600650165771699
-0.38601264303653449
-0.38597954040078264
-0.38597461554233420
-0.38597029860007293
-0.38599529194955617
-0.38604063843368264
-0.38602741008261537
-0.38606707394084733
-0.38603504496705249
-0.38598863719041060
-0.38600724667354180
-0.38598365972412652
-0.38597913641546261
-0.38594729523111326
-0.38594354599105379
-0.38594132070814258
-0.38595745361587824
-0.38596076693498860
-0.38596510096694403
-0.38596850787540471
-0.38594960681082058
-0.38593106776267422
-0.38593565504527011
-0.38592570565960810
-0.38593425293294636
-0.38595431012844644
-0.38594527606783585
-0.38595902786553471
-0.38596184596870392
-0.38434523204243376
-0.38432498605166737
-0.38435134442304342
-0.38435853699095851
-0.38431976764118003
-0.38431399956857443
-0.38430894346615713
-0.38433821585198175
-0.38439132346352944
-0.38437583139431147
-0.38442228194448674
-0.38438477284186418
-0.38433042184670313
-0.38435221696267297
-0.38432459222927950
-0.38431929448856167
-0.38428200090698988
-0.38427760955578777
-0.38427500315132673
-0.38429389895434463
-0.38429777965820000
-0.38430285584007778
-0.38430684611963906
-0.38428470836736273
-0.38426299410178161
-0.38426836710402851
-0.38425671352781682
-0.38426672483812896
-0.38429021714927869
-0.38427963593565251
-0.38429574278629647
-0.38429904346592514
-0.38245456281336226
-0.38243088953169124
-0.38246170978081795
-0.38247011969036437
-0.38242478762755372
-0.38241804295032378
-0.38241213074419939
-0.38244635898088331
-0.38250845418935614
-0.38249034082122713
-0.38254464973264773
-0.38250079523378383
-0.38243724557716352
-0.38246273000225622
-0.38243042903545299
-0.38242423436649098
-0.38238062555616753
-0.38237549043584856
-0.38237244256687614
-0.38239453863921335
-0.38239907652469257
-0.38240501230124185
-0.38240967826102129
-0.38238379156769270
-0.38235839932716748
-0.38236468247942962
-0.38235105481156623
-0.38236276202952857
-0.38239023331305522
-0.38237786003017576
-0.38239669471970356
-0.38240055434799064
-0.38029934753793626
-0.38027170035024022
-0.38030769404388476
-0.38031751535270747
-0.38026457400094404
-0.38025669689187097
-0.38024979196396824
-0.38028976667842845
-0.38036228185580034
-0.38034112962203531
-0.38040454822902614
-0.38035333803102461
-0.38027912344264747
-0.38030888549107683
-0.38027116254371368
-0.38026392785014390
-0.38021299575578082
-0.38020699808440528
-0.38020343824201863
-0.38022924561880267
-0.38023454559941566
-0.38024147818287424
-0.38024692766606599
-0.38021669354415327
-0.38018703586410935
-0.38019437456787403
-0.38017845741362755
-0.38019213149445852
-0.38022421722262184
-0.38020976570700699
-0.38023176379690110
-0.38023627160195395
-0.37784540521944626
-0.37781314283799261
-0.37785514476926174
-0.37786660511781284
-0.37780482666673054
-0.37779563428943341
-0.37778757633676530
-0.37783422515576737
-0.37791884045270185
-0.37789415961055262
-0.37796815539874296
-0.37790840471518305
-0.37782180520644149
-0.37785653506110445
-0.37781251524174803
-0.37780407262978843
-0.37774463435715239
-0.37773763473378730
-0.37773348016796676
-0.37776359857693009
-0.37776978376613651
-0.37777787416743691
-0.37778423371860059
-0.37774894985730101
-0.37771433727316256
-0.37772290218367749
-0.37770432536303566
-0.37772028432940513
-0.37775773028984488
-0.37774086471388274
-0.37776653734966609
-0.37777179803753580
-0.37505350846427787
-0.37501587520348101
-0.37506486906312392
-0.37507823666609552
-0.37500617431648176
-0.37499545119388950
-0.37498605128908291
-0.37504046739665525
-0.37513916230554240
-0.37511037592789698
-0.37519667745214169
-0.37512699076075773
-0.37502597981020347
-0.37506649074191828
-0.37501514311094636
-0.37500529472007010
-0.37493595605795410
-0.37492779015728439
-0.37492294332052301
-0.37495807969832240
-0.37496529520745298
-0.37497473320160490
-0.37498215196784096
-0.37494099056745733
-0.37490061031155186
-0.37491060261378950
-0.37488892971451343
-0.37490754849120628
-0.37495123382269996
-0.37493155832647285
-0.37496150801539169
-0.37496764499977625
-0.37187843487235267
-0.37183453642877418
-0.37189168632576780
-0.37190727855594785
-0.37182322016308450
-0.37181071126215243
-0.37179974578785424
-0.37186322299166763
-0.37197833965141558
-0.37194476520228309
-0.37204541722502160
-0.37196414376754477
-0.37184632347766117
-0.37189357789893546
-0.37183368243452869
-0.37182219408987294
-0.37174130471377731
-0.37173177799852392
-0.37172612340623012
-0.37176711463852963
-0.37177553224085635
-0.37178654246462500
-0.37179519698628299
-0.37174717815156355
-0.37170006798959326
-0.37171172587813928
-0.37168644019659780
-0.37170816268950269
-0.37175912817301726
-0.37173617413105814
-0.37177111411858893
-0.37177827348707559
-0.36826784525938250
-0.36821661915917409
-0.36828330808099891
-0.36830150194260336
-0.36820341345368257
-0.36818881574725004
-0.36817601899471247
-0.36825009451407875
-0.36838441494780028
-0.36834524180366912
-0.36846267256340781
-0.36836785205621292
-0.36823037403742565
-0.36828551529210984
-0.36821562258337420
-0.36820221605038145
-0.36810781485970118
-0.36809669612821555
-0.36809009652746233
-0.36813793719832721
-0.36814776102045726
-0.36816061041307840
-0.36817071046958899
-0.36811466974260165
-0.36805968604619532
-0.36807329263275940
-0.36804378001725396
-0.36806913385360163
-0.36812861643575029
-0.36810182691885801
-0.36814260483346167
-0.36815096018737403
-0.36416098149896425
-0.36410116144182303
-0.36417903765811011
-0.36420028242346941
-0.36408573963282465
-0.36406869191899394
-0.36405374715833783
-0.36414025324841393
-0.36429709255609949
-0.36425135488336891
-0.36438845726139052
-0.36427775438926413
-0.36411722430169557
-0.36418161502044560
-0.36409999763576306
-0.36408434127533662
-0.36397409044439144
-0.36396110404632570
-0.36395339579377611
-0.36400927166348140
-0.36402074505179544
-0.36403575183196857
-0.36404754749471252
-0.36398209668457920
-0.36391787591380814
-0.36393376876671651
-0.36389929692012396
-0.36392891123068039
-0.36399838567346876
-0.36396709670289407
-0.36401472308203092
-0.36402448137552545
-0.35948719935702178
-0.35941727299936277
-0.35950830500505110
-0.35953313717849011
-0.35939924492345848
-0.35937931577326054
-0.35936184468241456
-0.35946296975241948
-0.35964628647316904
-0.35959283110463403
-0.35975305876684910
-0.35962368558875674
-0.35943605010239577
-0.35951131761755323
-0.35941591252331756
-0.35939761022852323
-0.35926871714219688
-0.35925353376559443
-0.35924452135733864
-0.35930984898546575
-0.35932326263369624
-0.35934080692571529
-0.35935459690683558
-0.35927807772521198
-0.35920299084461998
-0.35922157327767257
-0.35918126726525851
-0.35921589372670609
-0.35929712190026686
-0.35926054026077020
-0.35931622231409488
-0.35932763076579066
-0.35416439549629886
-0.35408255599423349
-0.35418909557724360
-0.35421815607646523
-0.35406145548317680
-0.35403812941100804
-0.35401767994697325
-0.35413603869880522
-0.35435056154775124
-0.35428801108159519
-0.35447548894587688
-0.35432411573258199
-0.35410453273068271
-0.35419262120946171
-0.35408096367393838
-0.35405954217422292
-0.35390866987764136
-0.35389089598441359
-0.35388034578368932
-0.35395681796909073
-0.35397251924097672
-0.35399305526428426
-0.35400919649461937
-0.35391962737385313
-0.35383172758673370
-0.35385348160081115
-0.35380629577396994
-0.35384683273014983
-0.35394192013569864
-0.35389909793122237
-0.35396427826265725
-0.35397763228376572
-0.34809746547171272
-0.34800155868170635
-0.34812640964956937
-0.34816046253965688
-0.34797682994277046
-0.34794949234726874
-0.34792552554160694
-0.34806423536249242
-0.34831560146679674
-0.34824231399152406
-0.34846195885834258
-0.34828461671217487
-0.34802731375297391
-0.34813054101476737
-0.34799969258066143
-0.34797458761481509
-0.34779775735876467
-0.34777692369652125
-0.34776455711395832
-0.34785419231607034
-0.34787259538913118
-0.34789666472367858
-0.34791558277772888
-0.34781060100507044
-0.34770756693115207
-0.34773306727967307
-0.34767775476530938
-0.34772527343905529
-0.34783673067038157
-0.34778653764983541
-0.34786293637748622
-0.34787858819872608
-0.34117705623940386
-0.34106452829503575
-0.34121101472754883
-0.34125096584902326
-0.34103551240137137
-0.34100343463415356
-0.34097531150601162
-0.34113806825093612
-0.34143296070257850
-0.34134698966581029
-0.34160463055150625
-0.34139661423495210
-0.34109474778724036
-0.34121586174242996
-0.34106233869492236
-0.34103288129615894
-0.34082537603119062
-0.34080092627550806
-0.34078641302869889
-0.34089160424573484
-0.34091320015259141
-0.34094144487480033
-0.34096364429763298
-0.34084044873429253
-0.34071952825969160
-0.34074945633842657
-0.34068453891722134
-0.34074030928633731
-0.34087111278675447
-0.34081220897285897
-0.34090186539676631
-0.34092023260918236
-0.33327906379889044
-0.33314691826103315
-0.33331894033136628
-0.33336585258399493
-0.33311284213625197
-0.33307516934039960
-0.33304214024849910
-0.33323328004535585
-0.33357954096583942
-0.33347860207204322
-0.33378107974550109
-0.33353686723813708
-0.33318240713211195
-0.33332463196901019
-0.33314434682998245
-0.33310975214408822
-0.33286603816955451
-0.33283731974171243
-0.33282027240979795
-0.33294382673239220
-0.33296919150533416
-0.33300236485232032
-0.33302843755088579
-0.33288374217196337
-0.33274170711060497
-0.33277686215382474
-0.33270060599642426
-0.33276611763376329
-0.33291975880170571
-0.33285057233923904
-0.33295587868248766
-0.33297745116711752
-0.32426556357510522
-0.32411034343787076
-0.32431240092861863
-0.32436750082190779
-0.32407031529259922
-0.32402606139444334
-0.32398726167822722
-0.32421178656483807
-0.32461846603707678
-0.32449992265728900
-0.32485513415087369
-0.32456835052798472
-0.32415203030375900
-0.32431908601010290
-0.32410732288499683
-0.32406668554010698
-0.32378038082088428
-0.32374664126429942
-0.32372661314819634
-0.32387176745537555
-0.32390156540192505
-0.32394053608252527
-0.32397116473535953
-0.32380117994645291
-0.32363430827875289
-0.32367561170078635
-0.32358601799690317
-0.32366298811048821
-0.32384349264572992
-0.32376221100597236
-0.32388592585579012
-0.32391126857561997
-0.31398807942575296
-0.31380589549070792
-0.31404305102011204
-0.31410771888782801
-0.31375891227443015
-0.31370696828671391
-0.31366142560217408
-0.31392496179792617
-0.31440224667682826
-0.31426313002079787
-0.31467996959511324
-0.31434343436100981
-0.31385482492355671
-0.31405089702175598
-0.31380235012649627
-0.31375465180302586
-0.31341858093545588
-0.31337897458363478
-0.31335546368344214
-0.31352585613961148
-0.31356083408353280
-0.31360657879358189
-0.31364253100557993
-0.31344299649905139
-0.31324710562533070
-0.31329559269637203
-0.31319041579038920
-0.31328077362535922
-0.31349266578845891
-0.31339725171915872
-0.31354247584314610
-0.31357222395580475
-0.30229412001371525
-0.30208074931280765
-0.30235850044557416
-0.30243423591911173
-0.30202572228777452
-0.30196488467556715
-0.30191154394489739
-0.30222019850334658
-0.30277915907647712
-0.30261624120382841
-0.30310438361706593
-0.30271028520724796
-0.30213805529138171
-0.30236768930200747
-0.30207659697618083
-0.30202073237662497
-0.30162711187690916
-0.30158072195824959
-0.30155318412194732
-0.30175275933704138
-0.30179372727950665
-0.30184730547662192
-0.30188941400648489
-0.30165570908613143
-0.30142626553967944
-0.30148305809897274
-0.30135986478974813
-0.30146570065904205
-0.30171388491780504
-0.30160212953528676
-0.30177222520373853
-0.30180706762916554
-0.28903743579171698
-0.28878850440696513
-0.28911254592509611
-0.28920090348954020
-0.28872430650492081
-0.28865332964249990
-0.28859109913280145
-0.28895119442121958
-0.28960331042207565
-0.28941324147869157
-0.28998273304947958
-0.28952295845641252
-0.28885536108953341
-0.28912326620173068
-0.28878366003583639
-0.28871848496953134
-0.28825926457525031
-0.28820514372524370
-0.28817301672622386
-0.28840585174387434
-0.28845364728227657
-0.28851615472400804
-0.28856528102551016
-0.28829262758688184
-0.28802494781560856
-0.28809120443434927
-0.28794748219736410
-0.28807095448149594
-0.28836049867270769
-0.28823011888666450
-0.28842856172875297
-0.28846921090423722
-0.27409117681005957
-0.27380241339740441
-0.27417830743946009
-0.27428080672818794
-0.27372794473186463
-0.27364561339419929
-0.27357342832880116
-0.27399113463040203
-0.27474763423049392
-0.27452713452102523
-0.27518781911668616
-0.27465441696815746
-0.27387996695265321
-0.27419074344318145
-0.27379679397038387
-0.27372119186741883
-0.27318852471827981
-0.27312575056571214
-0.27308848711672062
-0.27335855244046875
-0.27341399179624848
-0.27348649653711771
-0.27354348049200872
-0.27322722239000302
-0.27291674792522425
-0.27299359571437404
-0.27282690069035864
-0.27297010868462313
-0.27330594657225693
-0.27315471889372295
-0.27338489432089363
-0.27343204456094777
-0.25736116027423295
-0.25702866288831411
-0.25746149152620168
-0.25757952245582327
-0.25694291949088133
-0.25684812481062047
-0.25676501393307766
-0.25724596385759474
-0.25811712299942347
-0.25786318750240123
-0.25862409310182372
-0.25800976907022349
-0.25711795987858810
-0.25747581179847712
-0.25702219261266046
-0.25693514430373909
-0.25632187763320746
-0.25624961051211020
-0.25620671251165988
-0.25651762370471365
-0.25658145067502608
-0.25666492627627868
-0.25673053367942583
-0.25636642793400549
-0.25600901065410231
-0.25609747471602901
-0.25590558469030555
-0.25607043719139644
-0.25645705975485522
-0.25628295939912571
-0.25654795082724330
-0.25660223490146400
-0.23879476482904341
-0.23841518813297419
-0.23890930925481665
-0.23904406483318444
-0.23831730988380043
-0.23820910217475769
-0.23811423391711145
-0.23866325337007979
-0.23965789720072664
-0.23936794237306916
-0.24023683760455997
-0.23953531327445807
-0.23851712544576339
-0.23892565843365385
-0.23840780206645365
-0.23830843443074795
-0.23760844807951961
-0.23752597042673065
-0.23747701229580750
-0.23783186000704587
-0.23790471083209752
-0.23799999029201763
-0.23807487654659595
-0.23765929375007638
-0.23725139002189050
-0.23735234564026139
-0.23713336354488018
-0.23732148997809294
-0.23776273481319748
-0.23756403090776776
-0.23786647460436922
-0.23792843383002671
-0.21838123226907374
-0.21795181181658960
-0.21851082688370047
-0.21866329346912231
-0.21784108818195522
-0.21771868303170033
-0.21761137063932262
-0.21823244636320710
-0.21935787326185088
-0.21902976146320041
-0.22001307682574892
-0.21921915460235403
-0.21806713046047443
-0.21852932454346458
-0.21794345630794557
-0.21783104807984138
-0.21703928909749690
-0.21694600879894405
-0.21689063939399644
-0.21729197425808694
-0.21737437416781777
-0.21748214522425208
-0.21756685150592636
-0.21709679551016425
-0.21663548169510782
-0.21674965085188527
-0.21650201202218183
-0.21671475627426695
-0.21721378994583665
-0.21698905402668200
-0.21733112582316524
-0.21740120708731711
-0.19614230164220711
-0.19566070125333518
-0.19628765344434956
-0.19645866397687586
-0.19553653148759947
-0.19539926554912870
-0.19527892814088033
-0.19597543071535656
-0.19723780168084082
-0.19686972962318541
-0.19797288687415626
-0.19708218518431561
-0.19579002761411696
-0.19630840057251153
-0.19565133094536455
-0.19552527229557051
-0.19463746495183246
-0.19453288056845119
-0.19447080247936577
-0.19492078414664715
-0.19501317766467158
-0.19513402227838234
-0.19522900644818242
-0.19470194148451775
-0.19418474110115455
-0.19431273554512740
-0.19403511405538074
-0.19427361499600870
-0.19483311928331060
-0.19458114187608314
-0.19496468384384910
-0.19504326534277247
-0.17211672069956002
-0.17158078213305414
-0.17227848210332034
-0.17246880477869991
-0.17144261064217461
-0.17128987013637198
-0.17115596998736951
-0.17193101633937052
-0.17333600870672450
-0.17292631732422961
-0.17415429803834120
-0.17316279256721900
-0.17172469525370657
-0.17230157186273254
-0.17157035508623147
-0.17143008199883569
-0.17044226454888253
-0.17032591062936092
-0.17025684770733518
-0.17075748002853605
-0.17086027920567690
-0.17099473661707784
-0.17110042276037513
-0.17051399828778285
-0.16993861140493383
-0.17008099967554660
-0.16977216291656419
-0.17003747933928673
-0.17065994384027927
-0.17037960276947939
-0.17080632361366047
-0.17089375586926242
-0.14634522606449976
-0.14575275633437140
-0.14652405953518682
-0.14673447411263502
-0.14560001821159482
-0.14543117889722917
-0.14528316896707089
-0.14613992806920334
-0.14769330159921723
-0.14724030942480421
-0.14859815813381283
-0.14750177470727757
-0.14591184480367814
-0.14654958650673819
-0.14574122991142963
-0.14558616890399706
-0.14449430877706615
-0.14436571105194165
-0.14428938186669735
-0.14484270617910058
-0.14495633053444557
-0.14510494963399242
-0.14522176932703018
-0.14457359219503740
-0.14393767459959669
-0.14409503642426388
-0.14375372732526126
-0.14404693908184948
-0.14473490073393971
-0.14442505285875978
-0.14489669296613758
-0.14499333282555912
-0.11886213263580780
-0.11821085165311493
-0.11905872737176806
-0.11929004532207693
-0.11804295990640370
-0.11785737330744352
-0.11769468546587887
-0.11863645036530993
-0.12034420163747897
-0.11984615662224568
-0.12133913296996318
-0.12013362289308072
-0.11838572722558319
-0.11908678996873016
-0.11819818154478121
-0.11802773672662273
-0.11682764808382852
-0.11668631475634168
-0.11660242752631837
-0.11721056108631568
-0.11733544598240370
-0.11749879651393720
-0.11762719782794380
-0.11691478451471246
-0.11621590605316350
-0.11638884217809470
-0.11601375828027032
-0.11633598416912251
-0.11709207350012515
-0.11675153313839948
-0.11726989790623817
-0.11737611572123473
-0.89696280502320841E-1
-0.88983977239920908E-1
-0.89911306213009565E-1
-0.90164316880940315E-1
-0.88800363801942339E-1
-0.88597402896584562E-1
-0.88419488282283146E-1
-0.89449446464935842E-1
-0.91317417443995436E-1
-0.90772607750743819E-1
-0.92405862763287272E-1
-0.91087062260929941E-1
-0.89175232447023953E-1
-0.89942000118039170E-1
-0.88970120549051943E-1
-0.88783715280741568E-1
-0.87471361215046936E-1
-0.87316819562013773E-1
-0.87225093977901860E-1
-0.87890073437013980E-1
-0.88026638423051223E-1
-0.88205269828725438E-1
-0.88345685181452929E-1
-0.87566642393174465E-1
-0.86802469360479917E-1
-0.86991555944076607E-1
-0.86581448707883424E-1
-0.86933761073566318E-1
-0.87760506062658686E-1
-0.87388132586515455E-1
-0.87954959575824457E-1
-0.88071112334695445E-1
-0.58879148447560488E-1
-0.58103963767527356E-1
-0.59113170204117743E-1
-0.59388540762333228E-1
-0.57904152577485123E-1
-0.57683292658667479E-1
-0.57489692625798547E-1
-0.58610516179818391E-1
-0.60643657340009295E-1
-0.60050625291748573E-1
-0.61828562715279464E-1
-0.60392908002204426E-1
-0.58312095868502986E-1
-0.59146576223720028E-1
-0.58088884521951302E-1
-0.57886035614118037E-1
-0.56458052321787897E-1
-0.56289910596678615E-1
-0.56190114577658198E-1
-0.56913629774458095E-1
-0.57062223997766448E-1
-0.57256594061017858E-1
-0.57409384164303620E-1
-0.56561720232453434E-1
-0.55730321662410848E-1
-0.55936034423047648E-1
-0.55489873786610890E-1
-0.55873157141928829E-1
-0.56772652020526573E-1
-0.56367498920454041E-1
-0.56984231032766973E-1
-0.57110615941428911E-1
-0.26452697589985152E-1
-0.25613333260856713E-1
-0.26706112158613363E-1
-0.27004312357615978E-1
-0.25396993671256269E-1
-0.25157871154391293E-1
-0.24948268627013690E-1
-0.26161814416267460E-1
-0.28363625539665070E-1
-0.27721332746661168E-1
-0.29647109091381442E-1
-0.28092041222228602E-1
-0.25838688406785857E-1
-0.26742287113575628E-1
-0.25597006450580339E-1
-0.25377378366326548E-1
-0.23831451035042750E-1
-0.23649442066797619E-1
-0.23541417570741779E-1
-0.24324623287024207E-1
-0.24485486511744869E-1
-0.24695910203925774E-1
-0.24861323723389377E-1
-0.23943670963568378E-1
-0.23043733257823888E-1
-0.23266394691927757E-1
-0.22783483273195789E-1
-0.23198336252922957E-1
-0.24172008500637009E-1
-0.23733428835299740E-1
-0.24401053472478267E-1
-0.24537874762492556E-1
0.75283476164746555E-2
0.84325166963753039E-2
0.72553458200769853E-2
0.69340838136513630E-2
0.86655411280306439E-2
0.89230969438069008E-2
0.91488496851436195E-2
0.78417015989826512E-2
0.54694690899783722E-2
0.61615542717537112E-2
0.40862935964808694E-2
0.57621152752747075E-2
0.81897735116479905E-2
0.72163739609930255E-2
0.84501029444178852E-2
0.86866688647177608E-2
0.10351601900401377E-1
0.10547596849392269E-1
0.10663919683829902E-1
0.98205065577283181E-2
0.96472651578859737E-2
0.94206434626460563E-2
0.92424917846000865E-2
0.10230756097391830E-1
0.11199811460904999E-1
0.10960061114537881E-1
0.11480025120477586E-1
0.11033343775671722E-1
0.99848609981083719E-2
0.10457157006490017E-1
0.97381957029034419E-2
0.95908448219883570E-2
0.42996502815314926E-1
0.43965332779507406E-1
0.42703950714500852E-1
0.42359666459639622E-1
0.44214999635997523E-1
0.44490939340338216E-1
0.44732796813426075E-1
0.43332281491992385E-1
0.40789876922239517E-1
0.41531705598496275E-1
0.39307047893795757E-1
0.41103566709227324E-1
0.43705243422501185E-1
0.42662186974615185E-1
0.43984175340107151E-1
0.44237635851009892E-1
0.46021207576070873E-1
0.46231138224225393E-1
0.46355728868653960E-1
0.45452317998056720E-1
0.45266738090533359E-1
0.45023968508184263E-1
0.44833116649389472E-1
0.45891766172213036E-1
0.46929680985665301E-1
0.46672908851310424E-1
0.47229777265199620E-1
0.46751395438707495E-1
0.45628373379848951E-1
0.46134268689861944E-1
0.45364145466818953E-1
0.45206298334903562E-1
0.79871814188335249E-1
0.80904308694366364E-1
0.79560005382887919E-1
0.79193040052136385E-1
0.81170355280984582E-1
0.81464385730609781E-1
0.81722088591069303E-1
0.80229676414470597E-1
0.77519571299731846E-1
0.78310449012545968E-1
0.75938410250004251E-1
0.77854013731199767E-1
0.80627144248846094E-1
0.79515491399166485E-1
0.80924387826140143E-1
0.81194476037516852E-1
0.83094739061345596E-1
0.83318368407199708E-1
0.83451085454450610E-1
0.82488689384205782E-1
0.82290975231407715E-1
0.82032323014314720E-1
0.81828977933512959E-1
0.82956847391356586E-1
0.84062439434737915E-1
0.83788941513586609E-1
0.84382069583135252E-1
0.83872541789555305E-1
0.82676250738789425E-1
0.83215178740464399E-1
0.82394752386499792E-1
0.82226582301065249E-1
0.11806234566859840
0.11915659058574683
0.11773185035793288
0.11734287030176073
0.11943851726708721
0.11975008324990125
0.12002314229019868
0.11844163251690404
0.11556869583937909
0.11640723071827576
0.11389191271932653
0.11592330527240850
0.11886286878502458
0.11768466723269659
0.11917786867113458
0.11946407713760732
0.12147738674386702
0.12171427754038353
0.12185486070144365
0.12083535329372054
0.12062588587357949
0.12035184732547147
0.12013639752068181
0.12133131356881807
0.12250241008278356
0.12221272759387976
0.12284093865358679
0.12230127637578751
0.12103405793435346
0.12160496971139916
0.12073583301028046
0.12055766354905557
0.15746486150544314
0.15861798335632329
0.15711653931969125
0.15670655133320180
0.15891504308006127
0.15924331584812576
0.15953100204338425
0.15786458169999049
0.15483619444861635
0.15572026278290058
0.15306795891001940
0.15521007589611577
0.15830847959868496
0.15706680946296236
0.15864040410759728
0.15894197420122066
0.16106291636605721
0.16131242297109308
0.16146048827054910
0.16038664008490267
0.16016598451463768
0.15987729678243673
0.15965032005263927
0.16090905893214666
0.16214245677920058
0.16183738586159568
0.16249895041820836
0.16193064004558125
0.16059595061313228
0.16119729511307235
0.16028180518778945
0.16009411654123357
0.19796569272465997
0.19917384561204335
0.19760069702658839
0.19717105362271145
0.19948504083171603
0.19982891483898310
0.20013025660726863
0.19838451790593792
0.19521061431190617
0.19613734723809559
0.19335658546483522
0.19560255768475751
0.19884959629346829
0.19754858478362960
0.19919733383490071
0.19951325263125111
0.20173462557009178
0.20199589216857930
0.20215093092812025
0.20102641724759623
0.20079532462222713
0.20049296819962106
0.20025523369152765
0.20157351074573007
0.20286496816293120
0.20254556173253452
0.20323819358693657
0.20264319971331654
0.20124561986920950
0.20187533938799984
0.20091662476559183
0.20072005532285173
0.23944176527425778
0.24070014969963149
0.23906153788541987
0.23861393133248066
0.24102423755916441
0.24138233635017028
0.24169612485017239
0.23987803628642645
0.23657106247212140
0.23753685654615161
0.23463837145735872
0.23697954689909315
0.24036244695838799
0.23900724879938098
0.24072461167970660
0.24105361723270421
0.24336647244745477
0.24363843832592594
0.24379982033757427
0.24262919889018233
0.24238860191882916
0.24207379504901583
0.24182625894580537
0.24319875351660833
0.24454301679230223
0.24421057774009824
0.24493144890010202
0.24431220147627042
0.24285740762260632
0.24351295025736217
0.24251489212635735
0.24231023478869879
0.28176175726867286
0.28306467251499517
0.28136801308789083
0.28090445756977139
0.28340017870363154
0.28377087039407228
0.28409567323735851
0.28221350206419238
0.27878828719672782
0.27978884037809876
0.27678546929308961
0.27921149607732798
0.28271504995263164
0.28131179172063103
0.28308999705845228
0.28343059247800645
0.28582433794822498
0.28610575010152328
0.28627273115354906
0.28506138829474287
0.28481239046600743
0.28448657508431952
0.28423036964771248
0.28565078688417161
0.28704165329813852
0.28669771871340799
0.28744349377114087
0.28680285853596166
0.28529755531604978
0.28597590507882303
0.28494309166918302
0.28473128466058217
0.32478734392062081
0.32612827368089153
0.32438204549732136
0.32390484744985043
0.32647351484876524
0.32685493706346153
0.32718912031204483
0.32525230699127661
0.32172584711986707
0.32275622023647949
0.31966272295303177
0.32216169395131483
0.32576848316188889
0.32432417181605233
0.32615433380121006
0.32650481002130544
0.32896737441964857
0.32925680732054835
0.32942854097193286
0.32818260702086283
0.32792646542154885
0.32759128479114785
0.32732770086976198
0.32878886973963173
0.33021928587817478
0.32986560253394509
0.33063249197924760
0.32997372462671232
0.32842553903677524
0.32912326324342756
0.32806091789835429
0.32784303017683653
0.36837448256887390
0.36974621145155129
0.36795980530982059
0.36747152270990135
0.37009932554531355
0.37048941909133143
0.37083117689530476
0.36885016510329921
0.36524132517247093
0.36629602739864398
0.36312883362310339
0.36568748954387464
0.36937819163589897
0.36790058973504419
0.36977286665458431
0.37013133324044661
0.37264938623731503
0.37294526814872081
0.37312082138022590
0.37184705774199345
0.37158516005096315
0.37124242876428060
0.37097289228914176
0.37246689681654960
0.37392908914272438
0.37356758103308813
0.37435141177626502
0.37367809734493768
0.37209543786985033
0.37280875033203209
0.37172263549340578
0.37149984720471785
0.41237468747998507
0.41376944412370159
0.41195297674240805
0.41145636880297976
0.41412842751352330
0.41452497752746031
0.41487236828589147
0.41285839678902675
0.40918754131850388
0.41026063673837715
0.40703752964477641
0.40964151384779401
0.41339528189568303
0.41189275403465381
0.41379654320623943
0.41416096605377128
0.41672018631005892
0.41702083111443228
0.41719920324429199
0.41590486569654495
0.41563870223569183
0.41529036972613370
0.41501641308565990
0.41653475178362820
0.41802038434567301
0.41765311355681017
0.41844941386845991
0.41776539375485816
0.41615728002392766
0.41688211759413679
0.41577841841371388
0.41555199713542246
0.45663624519926643
0.45804586617524268
0.45620996699831140
0.45570793628431161
0.45840861604889321
0.45880929892247369
0.45916028647168855
0.45712515140864568
0.45341371851361351
0.45449894960348214
0.45123869771848013
0.45387285297729774
0.45766775254600883
0.45614908922918590
0.45807325042237274
0.45844149480158131
0.46102687448589458
0.46133051768904232
0.46151066175368854
0.46020334564980120
0.45993447766008266
0.45958258674449676
0.45930581622829320
0.46083958306369927
0.46233993566663506
0.46196905824484219
0.46277315349668086
0.46208244320104014
0.46045831335537046
0.46119042260524673
0.46007561506942091
0.45984688883721203
0.50100532602543657
0.50242143363941139
0.50057701341532501
0.50007254279145197
0.50278579387213596
0.50318822796900231
0.50354072605045175
0.50149652366001540
0.49776656006508413
0.49885748302620869
0.49557943541820543
0.49822813058628329
0.50204161598250108
0.50051584231606339
0.50244894028571407
0.50281881740909429
0.50541499026750980
0.50571982763239587
0.50590067331418342
0.50458814733328072
0.50431817282964775
0.50396481504801682
0.50368687574440718
0.50522695491285596
0.50673311409844723
0.50636083281530642
0.50716794789694464
0.50647464904598472
0.50484415308278185
0.50557918340245533
0.50445989261342095
0.50423022088008151
0.54532695507832918
0.54674114167829502
0.54489915243120768
0.54439523945296853
0.54710495026676620
0.54750674831493595
0.54785866646631054
0.54581752698023556
0.54209120323884263
0.54318132961493082
0.53990499096066868
0.54255246418449798
0.54636187428702165
0.54483805143584896
0.54676860748867584
0.54713792266358297
0.54972950192922698
0.55003372912171100
0.55021420626317075
0.54890424166750673
0.54863476030087732
0.54828202992025876
0.54800456953422094
0.54954183589852645
0.55104489073277119
0.55067340672688248
0.55147877084671659
0.55078698118016711
0.54915976892942786
0.54989336815009993
0.54877622269538040
0.54854696643694145
0.58944581644431737
0.59084982789447282
0.58902102384708399
0.58852061520991727
0.59121096406742968
0.59160978514367379
0.59195907418898330
0.58993289747865285
0.58623202271768204
0.58731496165307118
0.58405956410579551
0.58669026891806908
0.59047332282925902
0.58896035014736015
0.59087709272212918
0.59124369317122805
0.59381560589819982
0.59411745757516099
0.59429651934943128
0.59299672151348204
0.59272929983411748
0.59237924834307909
0.59210388137191283
0.59362939861069941
0.59512063353635225
0.59475209874098223
0.59555104847623475
0.59486477334799359
0.59325028547298286
0.59397819422406062
0.59286968240676297
0.59264217456228974
0.63320687484082194
0.63459278636858296
0.63278749467702899
0.63229342316510895
0.63494921563708695
0.63534281483006039
0.63568751029774739
0.63368771302531735
0.63003326733585563
0.63110286313580111
0.62788695111660819
0.63048589236409169
0.63422116640981441
0.63272759158463421
0.63461969655880024
0.63498151714561235
0.63751932273637502
0.63781710965802685
0.63799375455604546
0.63671140289152373
0.63644754128234526
0.63610213404056171
0.63583040762002885
0.63733561685072115
0.63880669462600137
0.63844316669791323
0.63923124358382011
0.63855431216263192
0.63696158176244089
0.63767972313244192
0.63658605629549603
0.63636157362067736
0.67645580993983245
0.67781618848729186
0.67604409745400207
0.67555902351866759
0.67816600414335881
0.67855227825749076
0.67889054029970586
0.67692782294989073
0.67333952330998592
0.67438998357984292
0.67123102586489936
0.67378407381563576
0.67745144375645749
0.67598528732777541
0.67784260001423402
0.67819770536060831
0.68068788789685719
0.68098003087059022
0.68115332280029572
0.67989522423884485
0.67963632659371642
0.67929740305049935
0.67903076558878284
0.68050765833309812
0.68195078720371249
0.68159418838622909
0.68236722794903559
0.68170321677495027
0.68014068795852556
0.68084524956752712
0.67977223692951849
0.67955197418011415
0.71903926786463690
0.72036731624261385
0.71863728716022890
0.71816364685456557
0.72070877612045214
0.72108580412239598
0.72141595280825044
0.71950009326606101
0.71599600594826029
0.71702201641881180
0.71393605747403199
0.71643023038758202
0.72001126573825358
0.71857986510660155
0.72039309748922997
0.72073971928185687
0.72316994550277791
0.72345500523385320
0.72362409118609472
0.72239645123263496
0.72214379822097829
0.72181303681220899
0.72155281029091745
0.72299408098362838
0.72440216156564996
0.72405424258811113
0.72480845244534209
0.72416061838043688
0.72263598674678420
0.72332349298132581
0.72227643142485753
0.72206147858763525
0.76080494158955791
0.76209462100684067
0.76041452812958454
0.75995448867758530
0.76242617865127382
0.76279225592660438
0.76311280110348467
0.76125247959156372
0.75784868872156042
0.75884551181440441
0.75584687152732144
0.75827057922587782
0.76174887995852847
0.76035875663020247
0.76211965512294477
0.76245622374144628
0.76481556088921276
0.76509226309443301
0.76525638799699069
0.76406470215905342
0.76381942867057939
0.76349831717994621
0.76324567374731545
0.76464484840134594
0.76601159714087075
0.76567390691315829
0.76640593230919485
0.76577715628148868
0.76429723473886357
0.76496460757646834
0.76394818880098481
0.76373951187923961
0.80160149645247392
0.80284762526109676
0.80122422674798877
0.80077965057479217
0.80316795497370541
0.80352162082125611
0.80383128605311016
0.80203394441363851
0.79874428300848188
0.79970783816985580
0.79680886621040148
0.79915210954413962
0.80251357886465757
0.80117033131360582
0.80287181205928126
0.80319698198926492
0.80547607205407101
0.80574332746437161
0.80590184600531223
0.80475081324005870
0.80451389036311782
0.80420370221873594
0.80395964545230092
0.80531118446352423
0.80663123186857066
0.80630509340205747
0.80701206925538937
0.80640481158671218
0.80497542350144946
0.80562003100376345
0.80463826746124689
0.80443669311752874
0.84127835836849285
0.84247668604519710
0.84091552718046048
0.84048794480473810
0.84278470157945706
0.84312475970159528
0.84342250008170139
0.84169423669915100
0.83853008335157619
0.83945700811717205
0.83666789633319671
0.83892241972103943
0.84215546982766221
0.84086369307871422
0.84249994341697643
0.84281261221669379
0.84500380122042718
0.84526072034124056
0.84541310568647521
0.84430656445666907
0.84407878612550769
0.84378056281625624
0.84354591380587174
0.84484528812587567
0.84611425115908523
0.84580074385287984
0.84648033302326642
0.84589660058957572
0.84452250095778403
0.84514219309985761
0.84419836323341590
0.84400456740617402
0.87968538034305099
0.88083263676972989
0.87933798540253960
0.87892857721157680
0.88112750371041226
0.88145303574694100
0.88173804963438041
0.88008354981231751
0.87705369134218858
0.87794138294558810
0.87527003660262526
0.87742943293726339
0.88052512355548529
0.87928835546124307
0.88085490162431579
0.88115422248133901
0.88325164526534672
0.88349754797171953
0.88364339742444631
0.88258428405242029
0.88236625830991433
0.88208079785732574
0.88185618606275074
0.88309992704393325
0.88431445608366599
0.88401440426634448
0.88466482228660115
0.88410614729902204
0.88279097152342845
0.88338410353231067
0.88248071606457146
0.88229521651456089
0.91667239717587801
0.91776631817276944
0.91634113115164495
0.91595071775085934
0.91804746025877015
0.91835783265697868
0.91862956759828052
0.91705206794421623
0.91416262586528496
0.91500926394918669
0.91246123032354731
0.91452099940162790
0.91747311138658261
0.91629380459958576
0.91778754691784925
0.91807293505933041
0.92007255757295137
0.92030697778896975
0.92044601554033123
0.91943634379903316
0.91922848846376670
0.91895633967705392
0.91874219834903004
0.91992792246617938
0.92108572408604183
0.92079969149825536
0.92141971845648452
0.92088714827308005
0.91963338720681731
0.92019883100298072
0.91933760737758197
0.91916075998529168
0.95208866812884785
0.95312799894478195
0.95177391733740679
0.95140295788634788
0.95339509878205098
0.95368996349986679
0.95394811677407276
0.95244940109140575
0.94970381762719258
0.95050836926071391
0.94808682009441680
0.95004438336442265
0.95284943178954618
0.95172894961097732
0.95314816754291076
0.95341930095312233
0.95531892330883184
0.95554160916253861
0.95567368636616701
0.95471454662948430
0.95451708902558163
0.95425855109479440
0.95405511691136402
0.95518152730787143
0.95628136481463211
0.95600965455084086
0.95659863516857402
0.95609273223856195
0.95490173140231305
0.95543887608330869
0.95462074963254395
0.95445274815650083
0.98578219133541756
0.98676667044061295
0.98548404048803073
0.98513263819443786
0.98701966521137385
0.98729895492418374
0.98754346929951464
0.98612389258763222
0.98352297014609369
0.98428517891060108
0.98199094149044996
0.98384561733705234
0.98650281031897424
0.98544144390306287
0.98678577408694856
0.98704258914755538
0.98884181378181790
0.98905272374601172
0.98917781621916012
0.98826939197416663
0.98808237227216555
0.98783749910860419
0.98764481556224903
0.98871168299737267
0.98975335724702251
0.98949601653433705
0.99005384978774502
0.98957470057124586
0.98844668081486198
0.98895542341186171
0.98818055337668820
0.98802143228844463
1.0175988488687089
1.0185291749719958
1.0173170909692957
1.0169850046965938
1.0187682478898545
1.0190321665277358
1.0192632219528726
1.0179217583090574
1.0154637446844379
1.0161841060938968
1.0140157361422171
1.0157686812126179
1.0182798323694344
1.0172768361315130
1.0185472274500011
1.0187899102639142
1.0204900805090378
1.0206893761458311
1.0208075800630543
1.0199491791183835
1.0197724567362541
1.0195410653379411
1.0193589893046198
1.0203671156440237
1.0213514291793988
1.0211082582446001
1.0216353781491616
1.0211826096213235
1.0201167059276264
1.0205974339281536
1.0198652320540169
1.0197148719808831
1.0473813016517848
1.0482590874321462
1.0471154519828199
1.0468021127148559
1.0484846558347751
1.0487336654319177
1.0489516675191755
1.0476859769365021
1.0453666869062777
1.0460464129163451
1.0440003009604484
1.0456544242791392
1.0480238283292413
1.0470774697848111
1.0482761202146635
1.0485050945184722
1.0501092098574789
1.0502972458932793
1.0504087719026853
1.0495988691546003
1.0494321315685426
1.0492138135571536
1.0490420243739642
1.0499931923331987
1.0509219004181376
1.0506924645645164
1.0511898140226885
1.0507626161315664
1.0497569306796035
1.0502104980746152
1.0495196651009235
1.0493778003226446
1.0749674865022039
1.0757952031781748
1.0747167994400615
1.0744213301140322
1.0760079043091475
1.0762427093224258
1.0764482756322915
1.0752547837888349
1.0730677460228926
1.0737087219109469
1.0717792231689700
1.0733390811138288
1.0755733638917437
1.0746809834646127
1.0758112643533968
1.0760271770855188
1.0775397924668531
1.0777171050506236
1.0778222713173278
1.0770585593884314
1.0769013325890198
1.0766954679144360
1.0765334781737177
1.0774303916751689
1.0783061444197055
1.0780897882835645
1.0785587882231553
1.0781559403890602
1.0772076053198449
1.0776353042396154
1.0769838731326742
1.0768501004809827
1.1001884472505477
1.1009693649236230
1.0999519344030999
1.0996731713270111
1.1011700406618514
1.1013915711429880
1.1015855164779642
1.1004595004506506
1.0983961164506240
1.0990008540037048
1.0971804298253296
1.0986521116606336
1.1007600680598637
1.0999181435170839
1.1009845180411271
1.1011882238427992
1.1026153418822442
1.1027826360479289
1.1028818608287896
1.1021613041688767
1.1020129638478227
1.1018187354591706
1.1016659025711619
1.1025121229323938
1.1033384035311982
1.1031342662840868
1.1035767827563756
1.1031966821214045
1.1023019265509593
1.1027054569605284
1.1020908391199031
1.1019646275018937
1.1228649975302822
1.1236031274453413
1.1226414453227718
1.1223779589605869
1.1237928095496961
1.1240022048963001
1.1241855271100052
1.1231211982112477
1.1211708967812115
1.1217424886772298
1.1200218447068138
1.1214128606933855
1.1234052973252489
1.1226095061933521
1.1236174504007166
1.1238099966406965
1.1251589637264543
1.1253171013361520
1.1254108958415006
1.1247297827780325

