# sw_albedo_direct
# rank
2
# size
32
2
# lbound
1
1
# entries
0.20000000000000001
0.20000000000000001
0.20000000000000001
0.20000000000000001
0.20000000000000001
0.20000000000000001
0.20000000000000001
0.20000000000000001
0.20000000000000001
0.20000000000000001
0.20000000000000001
0.20000000000000001
0.20000000000000001
0.20000000000000001
0.20000000000000001
0.20000000000000001
0.20000000000000001
0.20000000000000001
0.20000000000000001
0.20000000000000001
0.20000000000000001
0.20000000000000001
0.20000000000000001
0.20000000000000001
0.20000000000000001
0.20000000000000001
0.20000000000000001
0.20000000000000001
0.20000000000000001
0.20000000000000001
0.20000000000000001
0.20000000000000001
0.20000000000000001
0.20000000000000001
0.20000000000000001
0.20000000000000001
0.20000000000000001
0.20000000000000001
0.20000000000000001
0.20000000000000001
0.20000000000000001
0.20000000000000001
0.20000000000000001
0.20000000000000001
0.20000000000000001
0.20000000000000001
0.20000000000000001
0.20000000000000001
0.20000000000000001
0.20000000000000001
0.20000000000000001
0.20000000000000001
0.20000000000000001
0.20000000000000001
0.20000000000000001
0.20000000000000001
0.20000000000000001
0.20000000000000001
0.20000000000000001
0.20000000000000001
0.20000000000000001
0.20000000000000001
0.20000000000000001
0.20000000000000001
# lw_emissivity
# rank
2
# size
32
1
# lbound
1
1
# entries
0.99600000000000000
0.99600000000000000
0.99600000000000000
0.99600000000000000
0.99600000000000000
0.99600000000000000
0.99600000000000000
0.99600000000000000
0.99600000000000000
0.99600000000000000
0.99600000000000000
0.99600000000000000
0.99600000000000000
0.99600000000000000
0.99600000000000000
0.99600000000000000
0.99600000000000000
0.99600000000000000
0.99600000000000000
0.99600000000000000
0.99600000000000000
0.99600000000000000
0.99600000000000000
0.99600000000000000
0.99600000000000000
0.99600000000000000
0.99600000000000000
0.99600000000000000
0.99600000000000000
0.99600000000000000
0.99600000000000000
0.99600000000000000
# sw_albedo
# rank
2
# size
32
2
# lbound
1
1
# entries
0.20000000000000001
0.20000000000000001
0.20000000000000001
0.20000000000000001
0.20000000000000001
0.20000000000000001
0.20000000000000001
0.20000000000000001
0.20000000000000001
0.20000000000000001
0.20000000000000001
0.20000000000000001
0.20000000000000001
0.20000000000000001
0.20000000000000001
0.20000000000000001
0.20000000000000001
0.20000000000000001
0.20000000000000001
0.20000000000000001
0.20000000000000001
0.20000000000000001
0.20000000000000001
0.20000000000000001
0.20000000000000001
0.20000000000000001
0.20000000000000001
0.20000000000000001
0.20000000000000001
0.20000000000000001
0.20000000000000001
0.20000000000000001
0.20000000000000001
0.20000000000000001
0.20000000000000001
0.20000000000000001
0.20000000000000001
0.20000000000000001
0.20000000000000001
0.20000000000000001
0.20000000000000001
0.20000000000000001
0.20000000000000001
0.20000000000000001
0.20000000000000001
0.20000000000000001
0.20000000000000001
0.20000000000000001
0.20000000000000001
0.20000000000000001
0.20000000000000001
0.20000000000000001
0.20000000000000001
0.20000000000000001
0.20000000000000001
0.20000000000000001
0.20000000000000001
0.20000000000000001
0.20000000000000001
0.20000000000000001
0.20000000000000001
0.20000000000000001
0.20000000000000001
0.20000000000000001


