# rank
2
# size
112
32
# lbound
1
1
# entries
0.62294319711661975E-309
0.62294319711661975E-309
0.46464373141187340E-309
0.46464373141187340E-309
0.46662284117898439
0.47300232425737987
0.48033305919028962
0.47888713583107373
0.48422045011896153
0.47888713583107390
0.46832370620220959
0.47300232425738026
0.46662284117898389
0.46644060165524098
0.44468277552662661
0.44726774898689098
0.43909635557628446
0.44675194753986502
0.45457300306124065
0.45222202443611303
0.45982504941095131
0.45270231616625950
0.43981941824171195
0.44536137643024570
0.43791787000899046
0.43700721855974767
0.43866146589556770
0.43639777523046502
0.43609232816464039
0.44427407280340864
0.51720209745160028
0.51886794283996118
0.51886794283996074
0.51249218654171413
0.51257879044713706
0.51068499163772563
0.51086829985347149
0.51728065111132615
0.52463836335479508
0.52318802305934686
0.52853545154683346
0.52318802305934653
0.51257879044713639
0.51728065111132671
0.51086829985347049
0.51068499163772529
0.48874693906693495
0.49135883696518623
0.48309720616009516
0.49083778264697742
0.49873210633902276
0.49636053720932516
0.50402572344428220
0.49684513539946423
0.48382885924119390
0.48943275312391432
0.48190446691704381
0.48098258667134136
0.48265709298428894
0.48036552406048044
0.48005622674045195
0.48833384220052473
0.56144378398663219
0.56310683160973762
0.56310683160973674
0.55673860185095758
0.55682516147050498
0.55493196434110648
0.55511524796094625
0.56152221886662312
0.56886307000786962
0.56741694564976097
0.57274668897031911
0.56741694564976131
0.55682516147050376
0.56152221886662390
0.55511524796094514
0.55493196434110703
0.53294390019014071
0.53556732662495787
0.52726400257288220
0.53504409404215481
0.54296495545767032
0.54058686484394669
0.54826866792975504
0.54107289657505631
0.52799996635380797
0.53363288885716553
0.52606397743373723
0.52513624597354536
0.52682123828429228
0.52451515962486261
0.52420381307057373
0.53252884034244730
0.60548992348964303
0.60714035594567128
0.60714035594567106
0.60081733368544032
0.60090333535060947
0.59902198295386522
0.59920415277817929
0.60556777618202418
0.61284857629047507
0.61141514587718560
0.61669604011318724
0.61141514587718560
0.60090333535060803
0.60556777618202440
0.59920415277817818
0.59902198295386522
0.57711525697511801
0.57973451041874513
0.57143916230949754
0.57921223145058587
0.58711222977597233
0.58474184372060323
0.59239434857488282
0.58522640089559896
0.57217503876720655
0.57780329697643451
0.57023901968037272
0.56931097623989335
0.57099639220054899
0.56868957310422874
0.56837803514365171
0.57670071788678734
0.64917845087004833
0.65080678809011616
0.65080678809011594
0.64456545428505818
0.64465039895750498
0.64279182510690824
0.64297182088642546
0.64925527350012979
0.65643444920095750
0.65502184717780032
0.66022405376646065
0.65502184717779988
0.64465039895750353
0.64925527350012957
0.64297182088642424
0.64279182510690858
0.62109590877851006
0.62369534137372640
0.61545763100590312
0.62317713343101255
0.63100928575901039
0.62866066032208867
0.63623863646114831
0.62914086649905210
0.61618900352241179
0.62177888636330625
0.61426457768801346
0.61334179805499678
0.61501751336929578
0.61272381290675160
0.61241395632804374
0.62068437002736399
0.69234500349416017
0.69394231546393448
0.69394231546393359
0.68781712557927721
0.68790054026330538
0.68607511878586958
0.68625193359988557
0.69242037379983667
0.69945889043868392
0.69807472945232829
0.70317038328563863
0.69807472945232751
0.68790054026330405
0.69242037379983756
0.68625193359988512
0.68607511878586958
0.66471455369302856
0.66727894556046630
0.65914733742680487
0.66676783708200149
0.67448669629095293
0.67217338438828389
0.67963335281746873
0.67264646306123022
0.65986987677615472
0.66538846311583455
0.65796844566071366
0.65705640836784240
0.65871247975994540
0.65644551418635444
0.65613918180308584
0.66430843131171380
0.73482336253230396
0.73638146563081719
0.73638146563081719
0.73040408246679445
0.73048553091165824
0.72870283988965856
0.72887554312341174
0.73489689318856299
0.74175909885012192
0.74041030803112817
0.74537410217119704
0.74041030803112817
0.73048553091165769
0.73489689318856333
0.72887554312341074
0.72870283988965856
0.70779426660491607
0.71030920040018786
0.70232976101160571
0.70980805652702861
0.71737081469255881
0.71510553988345271
0.72240680985749861
0.71556888152082609
0.70303933349229919
0.70845530894878606
0.70117179151538256
0.70027574050068397
0.70190265481639569
0.69967545627517169
0.69937441463565142
0.70739585339597322
0.77644581850764494
0.77795744882892137
0.77795744882892148
0.77215606032888706
0.77223515263590969
0.77050376219606553
0.77067152027618091
0.77651716537798021
0.78317152933458567
0.78186421412768448
0.78667390352666267
0.78186421412768381
0.77223515263590836
0.77651716537798043
0.77067152027618002
0.77050376219606587
0.75015314746606176
0.75260536763355590
0.74482060427631958
0.75211681913741912
0.75948435146892534
0.75727870183380808
0.76438433635063585
0.75772992696144470
0.74551337743635337
0.75079782569336129
0.74368983273606970
0.74281464226563088
0.74440356120134732
0.74222824211430871
0.74193413580877476
0.74976455550344823
0.81704345456993810
0.81850241290354331
0.81850241290354309
0.81290115680397279
0.81297755761457990
0.81130484851668938
0.81146694268723374
0.81711232362747099
0.82353204780907807
0.82227137515421700
0.82690818635300378
0.82227137515421622
0.81297755761457846
0.81711232362747122
0.81146694268723296
0.81130484851668916
0.79160501987587262
0.79398276130143008
0.78643055051419675
0.79350913977281279
0.80064694612195497
0.79851110054092589
0.80538877268930220
0.79894811631165152
0.78710309179789417
0.79223022603419724
0.78533260522601855
0.78448265310009313
0.78602564266810315
0.78391308076718036
0.78362738937970511
0.79122812766480455
0.85644633863898634
0.85784760332177723
0.85784760332177712
0.85246611467495681
0.85253954969369317
0.85093156827793914
0.85108740886233836
0.85651249137240781
0.86267598024084768
0.86146609157247789
0.86591503024275407
0.86146609157247678
0.85253954969369228
0.85651249137240870
0.85108740886233691
0.85093156827793914
0.83196014925402706
0.83425342139382141
0.82696607380490650
0.83379670340606427
0.84067570947631631
0.83861820694686662
0.84524091499964660
0.83903925497140841
0.82761543768601065
0.83256324010738569
0.82590579182425028
0.82508484665783288
0.82657508093723209
0.82453463931580495
0.82425863900483154
0.83159655582123515
0.89448361054322323
0.89582341606304572
0.89582341606304605
0.89067650717312319
0.89074676786949325
0.88920812095065815
0.88935725773611429
0.89454686774183767
0.90043804912494951
0.89928200228536759
0.90353205541657633
0.89928200228536725
0.89074676786949170
0.89454686774183823
0.88935725773611307
0.88920812095065849
0.87102593766864689
0.87322675269192507
0.86623025347638272
0.87278851515884215
0.87938570342043343
0.87741326362548899
0.88375988072107858
0.87781695733196141
0.86685405324305398
0.87160479566023130
0.86521156167652646
0.86442268933104172
0.86585461936625574
0.86389391414909333
0.86362864561034280
0.87067692547554165
0.93098344150484003
0.93225932245382037
0.93225932245381993
0.92735679796061810
0.92742374439018549
0.92595753555076288
0.92609966414079925
0.93104368539895033
0.93665218206302170
0.93555192187499914
0.93959615620270864
0.93555192187499892
0.92742374439018405
0.93104368539895066
0.92609966414079847
0.92595753555076288
0.90860753815262363
0.91071007503943990
0.90402352853033385
0.91029146330546706
0.91659031380280820
0.91470771411195306
0.92076335799613107
0.91509306452277084
0.90461998982848058
0.90916061549928551
0.90304935444557899
0.90229484751606981
0.90366432835910004
0.90178905367504836
0.90153529785061459
0.90827404618564411
0.96577282892588412
0.96698363059887515
0.96698363059887538
0.96233023361623260
0.96239379540011938
0.96100160193890494
0.96113656613553700
0.96583000374020711
0.97115116250799249
0.97010751845975629
0.97394308127200069
0.97010751845975596
0.96239379540011782
0.96583000374020711
0.96113656613553555
0.96100160193890571
0.94450831352295506
0.94650901417147204
0.94014430782596614
0.94611072356108339
0.95210145661216672
0.95031146726613636
0.95606768626988092
0.95067789679113468
0.94071230228338754
0.94503465833156297
0.93921652316045334
0.93849785587123158
0.93980222757555165
0.93801604366252300
0.93777430603594225
0.94419092125551141
0.99867716604222778
0.99982302460994976
0.99982302460994887
0.99541850319227909
0.99547867879124818
0.99416056641633510
0.99428835690732864
0.99873127709862108
1.0037660690153962
1.0027787772934385
1.0064068100037780
1.0027787772934378
0.99547867879124730
0.99873127709862120
0.99428835690732720
0.99416056641633543
0.97853003997206223
0.98042763790407406
0.97438932585341331
0.98004990856761010
0.98572953402702634
0.98403290963052359
0.98948769221324206
0.98438025422850017
0.97492838450654051
0.97902930447651226
0.97350872322561555
0.97282653227632654
0.97406465392377739
0.97236913969793715
0.97213964339786696
0.97822896215829203
1.0295194872314841
1.0306017839721295
1.0306017839721295
1.0264410608483070
1.0264979153608824
1.0252524856305407
1.0253732354634075
1.0295705988121171
1.0343254102105790
1.0333931561645535
1.0368186350580870
1.0333931561645533
1.0264979153608818
1.0295705988121175
1.0253732354634066
1.0252524856305412
1.0104727173066239
1.0122682042204791
1.0065535950563920
1.0119108282029359
1.0172830187613422
1.0156785405840170
1.0208361668358568
1.0160070414007620
1.0070639027804509
1.0109451495712714
1.0057198960960259
1.0050739860678828
1.0062462253962841
1.0046408920200511
1.0044235792927276
1.0101878088079974
1.0581192227657099
1.0591405183395415
1.0591405183395406
1.0552139407553864
1.0552676025588710
1.0540920660733224
1.0542060435954252
1.0581674550200013
1.0626537954992186
1.0617742714973935
1.0650057940079800
1.0617742714973928
1.0552676025588701
1.0581674550200013
1.0542060435954246
1.0540920660733231
1.0401337820799588
1.0418303220535654
1.0364297401858784
1.0414926606250625
1.0465674790258310
1.0450520391123690
1.0499228032599468
1.0453623254336646
1.0369121137963213
1.0405802037359977
1.0356416306604155
1.0350310006655430
1.0361391853378936
1.0346215425381344
1.0344160834859819
1.0398645511817106
1.0842901743014444
1.0852541305977415
1.0852541305977408
1.0815477709016665
1.0815984275448269
1.0804886938896745
1.0805962940310867
1.0843356995541091
1.0885698593321167
1.0877398317679965
1.0907893709029033
1.0877398317679960
1.0815984275448256
1.0843356995541091
1.0805962940310867
1.0804886938896747
1.0673063982240563
1.0689092037364281
1.0638063789774435
1.0685902121714317
1.0733837341657606
1.0719524488780519
1.0765522921670754
1.0722455149403212
1.0642622330765195
1.0677281719752942
1.0630615642864161
1.0624844506948150
1.0635317905821091
1.0620974528814739
1.0619032597288531
1.0670520261854353
1.1078371816269841
1.1087484805475496
1.1087484805475487
1.1052444509116863
1.1052923447703833
1.1042431179417624
1.1043448529399493
1.1078802205319231
1.1118829174571547
1.1110982951783035
1.1139809500844662
1.1110982951783039
1.1052923447703835
1.1078802205319231
1.1043448529399478
1.1042431179417620
1.0917762563872009
1.0932924447360250
1.0884649700926345
1.0929907008647717
1.0975245880247679
1.0961709251140981
1.1005210293661822
1.0964481040469531
1.0888962761239820
1.0921752481989451
1.0877602421634376
1.0872141704261731
1.0882051635517718
1.0868479790673298
1.0866642235911999
1.0915356202535165
1.1285504322904352
1.1294147035721593
1.1294147035721591
1.1260914376118505
1.1261368619661292
1.1251417267687414
1.1252382177494493
1.1285912504049118
1.1323873188190858
1.1316432129374350
1.1343769920513109
1.1316432129374348
1.1261368619661289
1.1285912504049125
1.1252382177494487
1.1251417267687416
1.1133157812685432
1.1147542353380322
1.1101740154456272
1.1144679671327025
1.1187690591445130
1.1174849579170751
1.1216113643805994
1.1177478970266501
1.1105832610403892
1.1136943235795176
1.1095053193924291
1.1089871558880093
1.1099274944636348
1.1086396737317228
1.1084653047826079
1.1130874761088274
1.1461951015376388
1.1470188770470517
1.1470188770470522
1.1438513105874346
1.1438946070593825
1.1429460858141958
1.1430380572399927
1.1462340071429964
1.1498522041869117
1.1491429646451490
1.1517486547113913
1.1491429646451490
1.1438946070593823
1.1462340071429964
1.1430380572399919
1.1429460858141955
1.1316733392556422
1.1330446057315122
1.1286781890613227
1.1327717113741755
1.1368717345334138
1.1356476906184503
1.1395810345248620
1.1358983338718889
1.1290683474016898
1.1320342039636730
1.1280406736395066
1.1275466651055763
1.1284431641887329
1.1272153781135574
1.1270491350157328
1.1314556945339982
1.1604903348840860
1.1612810602857304
1.1612810602857306
1.1582405917828440
1.1582821507808498
1.1573716942102907
1.1574599747076066
1.1605276795151656
1.1640007436960926
1.1633199463413295
1.1658211633212181
1.1633199463413291
1.1582821507808496
1.1605276795151651
1.1574599747076058
1.1573716942102916
1.1465512225875776
1.1478675029224237
1.1436761202190955
1.1476055523814617
1.1515411074886044
1.1503661738570121
1.1541416889720508
1.1506067614943167
1.1440506454568273
1.1468976184024908
1.1430641457954009
1.1425899259175805
1.1434505117209530
1.1422719078855310
1.1421123228165868
1.1463423038527865
1.1710572614989119
1.1718234425073204
1.1718234425073195
1.1688773756403088
1.1689176438869111
1.1680354667861288
1.1681210050249169
1.1710934468311156
1.1744587471502255
1.1737990651642340
1.1762227296814534
1.1737990651642336
1.1689176438869104
1.1710934468311160
1.1681210050249171
1.1680354667861297
1.1575512845855322
1.1588266505856042
1.1547655384058986
1.1585728424847053
1.1623860645958262
1.1612476519785588
1.1649058197054671
1.1614807612004727
1.1551284249119336
1.1578869134863230
1.1541725806554057
1.1537130958792559
1.1545469406851401
1.1534049588999584
1.1532503320976479
1.1573488595166386
1.1771922343141477
1.1779441281001355
1.1779441281001346
1.1750530169535001
1.1750925337029534
1.1742268219652570
1.1743107635051686
1.1772277448023805
1.1805303224700243
1.1798829291837183
1.1822614626329169
1.1798829291837181
1.1750925337029527
1.1772277448023789
1.1743107635051688
1.1742268219652576
1.1639385409081822
1.1651900621793010
1.1612048822359442
1.1649409992159618
1.1686829424116409
1.1675658064532983
1.1711556172588968
1.1677945586597875
1.1615609834170770
1.1642678945873144
1.1606230116899949
1.1601721183475917
1.1609903718935677
1.1598697428486937
1.1597180072046971
1.1637399006123530
-0.39582983369935482
-0.39582975335140902
-0.39582984835016538
-0.39582987923020119
-0.39582977882195963
-0.39582986153269645
-0.39582976007851739
-0.39582973730504906
-0.39582972484176321
-0.39582971154731583
-0.39582968282695979
-0.39582980229085835
-0.39582997879866139
-0.39582992908913761
-0.39583006181301317
-0.39582996274284271
-0.39582954756659849
-0.39582953242849972
-0.39582951351838169
-0.39582962092543561
-0.39582964187329989
-0.39582965875088438
-0.39582967951942588
-0.39582956649735695
-0.39582943271126714
-0.39582946322436408
-0.39582937052833433
-0.39582944628266725
-0.39582959756040903
-0.39582952657933607
-0.39582960959887692
-0.39582963540795058
-0.39582291245996315
-0.39582278321177466
-0.39582293602934249
-0.39582298570938862
-0.39582282418185383
-0.39582295723716648
-0.39582279403233284
-0.39582275740171607
-0.39582273735542456
-0.39582271597275775
-0.39582266978091696
-0.39582286193386423
-0.39582314591470569
-0.39582306592865518
-0.39582327950658514
-0.39582312007900117
-0.39582245226884816
-0.39582242792848832
-0.39582239752404752
-0.39582257023072387
-0.39582260391792035
-0.39582263106042059
-0.39582266446145770
-0.39582248270828235
-0.39582226761039646
-0.39582231666418488
-0.39582216765120642
-0.39582228942787490
-0.39582253265784151
-0.39582241852386313
-0.39582255201649480
-0.39582259352057092
-0.39581342391324359
-0.39581322890608600
-0.39581345947694369
-0.39581353444159362
-0.39581329071826221
-0.39581349147801498
-0.39581324523098366
-0.39581318996733666
-0.39581315972486403
-0.39581312746694686
-0.39581305778417919
-0.39581334767749288
-0.39581377620842756
-0.39581365549616421
-0.39581397784236028
-0.39581373721699564
-0.39581272969808023
-0.39581269298839333
-0.39581264713417802
-0.39581290761825011
-0.39581295843188574
-0.39581299937473663
-0.39581304975970288
-0.39581277560749190
-0.39581245122100595
-0.39581252519253379
-0.39581230049648763
-0.39581248412063019
-0.39581285094541896
-0.39581267880473953
-0.39581288014466964
-0.39581294274838719
-0.39580026078705671
-0.39579997618174412
-0.39580031269455251
-0.39580042211397576
-0.39580006639052023
-0.39580035940313396
-0.39580000000599180
-0.39579991935622577
-0.39579987522260535
-0.39579982814868986
-0.39579972646391204
-0.39580014951991815
-0.39580077503465988
-0.39580059881755697
-0.39580106941164378
-0.39580071811309103
-0.39579924776088959
-0.39579919420449006
-0.39579912730863243
-0.39579950734844105
-0.39579958149122030
-0.39579964123307620
-0.39579971475444808
-0.39579931474058611
-0.39579884151518580
-0.39579894941916155
-0.39579862166450591
-0.39579888950604147
-0.39579942465912055
-0.39579917351202654
-0.39579946726236021
-0.39579955860699867
-0.39578225927287997
-0.39578185423652823
-0.39578233315003786
-0.39578248888586143
-0.39578198261228364
-0.39578239962916884
-0.39578188814027521
-0.39578177337071258
-0.39578171056741568
-0.39578164358120960
-0.39578149888796643
-0.39578210091747540
-0.39578299124176070
-0.39578274040112921
-0.39578341031989317
-0.39578291021338463
-0.39578081779095753
-0.39578074159902293
-0.39578064643195743
-0.39578118711537597
-0.39578129260782724
-0.39578137761246962
-0.39578148222625487
-0.39578091308176383
-0.39578023988565264
-0.39578039337570914
-0.39577992717464383
-0.39578030815036519
-0.39578106946627872
-0.39578071216134486
-0.39578113008103927
-0.39578126004717956
-0.39575801489286305
-0.39575745034966842
-0.39575811787005538
-0.39575833495650486
-0.39575762927433594
-0.39575821053689286
-0.39575749760267698
-0.39575733764545956
-0.39575725011698709
-0.39575715676042778
-0.39575695511165904
-0.39575779416848089
-0.39575903527249834
-0.39575868557291710
-0.39575961956667138
-0.39575892230739546
-0.39575600601772876
-0.39575589985642529
-0.39575576725926037
-0.39575652064228672
-0.39575666764686213
-0.39575678610447385
-0.39575693189190059
-0.39575613879322852
-0.39575520085133276
-0.39575541468955056
-0.39575476521695341
-0.39575529595484682
-0.39575635670212139
-0.39575585884028186
-0.39575644116617503
-0.39575662227290481
-0.39572583598486510
-0.39572506313176220
-0.39572597696800965
-0.39572627418357464
-0.39572530806898787
-0.39572610383780504
-0.39572512781754821
-0.39572490885047856
-0.39572478903453917
-0.39572466124273775
-0.39572438522170411
-0.39572553380630182
-0.39572723307490998
-0.39572675424149562
-0.39572803320084282
-0.39572707839172494
-0.39572308621628838
-0.39572294092917620
-0.39572275946710117
-0.39572379054498857
-0.39572399175121570
-0.39572415388886623
-0.39572435343865875
-0.39572326793013790
-0.39572198437365669
-0.39572227698861751
-0.39572138828823450
-0.39572211451138267
-0.39572356616514265
-0.39572288479724432
-0.39572368176766504
-0.39572392964698611
-0.39568370374393047
-0.39568266238504529
-0.39568389371861867
-0.39568429422751156
-0.39568299240774174
-0.39568406467848094
-0.39568274954017374
-0.39568245451526668
-0.39568229308490066
-0.39568212091117322
-0.39568174903779951
-0.39568329656994544
-0.39568558647215207
-0.39568494115516434
-0.39568666487896537
-0.39568537800349973
-0.39567999910554447
-0.39567980340210263
-0.39567955897549262
-0.39568094789446229
-0.39568121895110658
-0.39568143738113609
-0.39568170621845117
-0.39568024388117656
-0.39567851499806400
-0.39567890911100967
-0.39567771219493425
-0.39567869027430896
-0.39568064562728417
-0.39567972779267335
-0.39568080135701078
-0.39568113528615201
-0.39562923297979247
-0.39562784968791787
-0.39562948534700221
-0.39563001740723047
-0.39562828806060990
-0.39562971245809053
-0.39562796545576534
-0.39562757357883410
-0.39562735915775238
-0.39562713047009013
-0.39562663654564612
-0.39562869209389689
-0.39563173423339587
-0.39563087686533005
-0.39563316711607965
-0.39563145725652304
-0.39562431249150293
-0.39562405260329386
-0.39562372801841023
-0.39562557251713754
-0.39562593250925765
-0.39562622261384983
-0.39562657967376963
-0.39562463755231736
-0.39562234175208644
-0.39562286506814281
-0.39562127581880108
-0.39562257448741739
-0.39562517108417655
-0.39562395219745933
-0.39562537790333885
-0.39562582139236635
-0.39555963263866373
-0.39555781874118756
-0.39555996358251516
-0.39556066132152828
-0.39555839355797279
-0.39556026141107353
-0.39555797054039060
-0.39555745670092612
-0.39555717555165792
-0.39555687570020037
-0.39555622808936680
-0.39555892336125048
-0.39556291291344486
-0.39556178845712076
-0.39556479230764263
-0.39556254964567189
-0.39555318116532434
-0.39555284046926714
-0.39555241496788590
-0.39555483305249067
-0.39555530502409825
-0.39555568537661118
-0.39555615352288559
-0.39555360730602490
-0.39555059779412055
-0.39555128375968779
-0.39554920063094567
-0.39555090286215144
-0.39555430676189512
-0.39555270884540128
-0.39555457790634907
-0.39555515934195185
-0.39547166588557064
-0.39546931526630208
-0.39547209477467427
-0.39547299903583627
-0.39547006014714964
-0.39547248075329672
-0.39546951197461122
-0.39546884612351296
-0.39546848180701982
-0.39546809326109750
-0.39546725410831080
-0.39547074671405236
-0.39547591726806613
-0.39547445985055846
-0.39547835333568748
-0.39547544642534649
-0.39546330633094884
-0.39546286493802413
-0.39546231368389173
-0.39546544654828569
-0.39546605807289748
-0.39546655089779131
-0.39546715748908801
-0.39546385843211967
-0.39545995957894076
-0.39546084820868055
-0.39545814971560522
-0.39546035477407110
-0.39546476465879760
-0.39546269441290821
-0.39546511596566492
-0.39546586931394168
-0.39536160961783773
-0.39535859632010706
-0.39536215944288472
-0.39536331870834218
-0.39535955117014776
-0.39536265426439310
-0.39535884847487729
-0.39535799494586649
-0.39535752795033741
-0.39535702990264193
-0.39535595427742798
-0.39536043128909515
-0.39536706012650225
-0.39536519155004818
-0.39537018364683818
-0.39536645644224466
-0.39535089441112570
-0.39535032871766934
-0.39534962223622799
-0.39535363744791924
-0.39535442125089237
-0.39535505292538031
-0.39535583043288042
-0.39535160200059305
-0.39534660537992661
-0.39534774415913720
-0.39534428613875672
-0.39534711181860954
-0.39535276347511444
-0.39535011017316335
-0.39535321374018095
-0.39535417931322403
-0.39522521316941206
-0.39522138877835239
-0.39522591102101479
-0.39522738241938787
-0.39522260061718256
-0.39522653906854882
-0.39522170879552648
-0.39522062556395104
-0.39522003289932961
-0.39521940083352625
-0.39521803579684617
-0.39522371763593867
-0.39523213149424269
-0.39522975961069268
-0.39523609658285674
-0.39523136519406316
-0.39521161496475937
-0.39521089716207336
-0.39521000072810963
-0.39521509570969504
-0.39521609034820254
-0.39521689195033632
-0.39521787863246038
-0.39521251283107400
-0.39520617289002730
-0.39520761776109742
-0.39520323037767258
-0.39520681544943653
-0.39521398666792157
-0.39521061985567935
-0.39521455803616751
-0.39521578332966806
-0.39505765577576268
-0.39505284654824074
-0.39505853336827063
-0.39506038377920805
-0.39505437041926206
-0.39505932318673542
-0.39505324896247479
-0.39505188683253112
-0.39505114158585453
-0.39505034680238438
-0.39504863038262089
-0.39505577508320749
-0.39506635647272015
-0.39506337340231268
-0.39507134356000861
-0.39506539269892749
-0.39504055725147974
-0.39503965478768011
-0.39503852775329246
-0.39504493360266235
-0.39504618421165250
-0.39504719212155170
-0.39504843276406004
-0.39504168611710833
-0.39503371542362975
-0.39503553186892298
-0.39503001632611112
-0.39503452322322236
-0.39504353917335194
-0.39503930614464861
-0.39504425756742068
-0.39504579817958341
-0.39485350213049669
-0.39484750582935646
-0.39485459637965786
-0.39485690365181403
-0.39484940580291944
-0.39485558119560249
-0.39484800755892607
-0.39484630926697017
-0.39484538011176434
-0.39484438920462023
-0.39484224926759282
-0.39485115717969776
-0.39486435134825404
-0.39486063151626033
-0.39487057046160579
-0.39486314952553553
-0.39483218473230353
-0.39483105971807436
-0.39482965477053628
-0.39483764047878817
-0.39483919959437463
-0.39484045615781105
-0.39484200289059412
-0.39483359199693696
-0.39482365599104619
-0.39482592022913338
-0.39481904513752236
-0.39482466292455087
-0.39483590209234898
-0.39483062510182954
-0.39483679768554908
-0.39483871833143008
-0.39460665508801468
-0.39459923746275416
-0.39460800875299956
-0.39461086305756066
-0.39460158775149218
-0.39460922705237916
-0.39459985810410225
-0.39459775732158880
-0.39459660797229829
-0.39459538224714491
-0.39459273523931354
-0.39460375425894167
-0.39462007693066609
-0.39461547488653026
-0.39462777133899180
-0.39461859006156319
-0.39458028650862842
-0.39457889505576893
-0.39457715739138932
-0.39458703453713251
-0.39458896301269086
-0.39459051727931427
-0.39459243048497405
-0.39458202707648488
-0.39456973822672459
-0.39457253854451063
-0.39456403587588262
-0.39457098355459019
-0.39458488435136058
-0.39457835751235626
-0.39458599209399525
-0.39458836773409356
-0.39431030425467312
-0.39430119509294104
-0.39431196665820178
-0.39431547200687644
-0.39430408130331063
-0.39431346283437424
-0.39430195725121242
-0.39429937746576271
-0.39429796606543588
-0.39429646088649506
-0.39429321042414128
-0.39430674186277015
-0.39432678791585596
-0.39432113588858569
-0.39433623821334446
-0.39432496179111115
-0.39427792437850639
-0.39427621585677164
-0.39427408225262073
-0.39428621027535832
-0.39428857831026459
-0.39429048686251633
-0.39429283619645367
-0.39428006158774054
-0.39426497282435463
-0.39426841107450761
-0.39425797161330128
-0.39426650183974515
-0.39428357002809322
-0.39427555582772306
-0.39428493023859851
-0.39428784734628231
-0.39395686886308151
-0.39394575751587735
-0.39395889670730422
-0.39396317267192327
-0.39394927806674912
-0.39396072179512909
-0.39394668717959380
-0.39394354042658208
-0.39394181885268192
-0.39393998290223209
-0.39393601817167595
-0.39395252341011217
-0.39397697670553483
-0.39397008183592108
-0.39398850543340719
-0.39397474901013924
-0.39391737382778680
-0.39391529002141035
-0.39391268778163346
-0.39392747996603722
-0.39393036827265099
-0.39393269616596127
-0.39393556171328670
-0.39391998050525401
-0.39390157776516493
-0.39390577106659219
-0.39389303924367258
-0.39390344255029847
-0.39392425967346745
-0.39391448501782861
-0.39392591870909743
-0.39392947670842338
-0.39353793293582273
-0.39352446319324796
-0.39354039123633872
-0.39354557491716985
-0.39352873094065927
-0.39354260375249828
-0.39352559016345828
-0.39352177557310442
-0.39351968864226233
-0.39351746307227192
-0.39351265699681548
-0.39353266510715518
-0.39356230973708101
-0.39355395091138590
-0.39357628666862049
-0.39355960902771031
-0.39349005686907224
-0.39348753100937256
-0.39348437675658138
-0.39350230709479372
-0.39350580823614073
-0.39350863007653042
-0.39351210367789674
-0.39349321653992458
-0.39347091021440705
-0.39347599290362856
-0.39346056086670406
-0.39347317050853353
-0.39349840355915416
-0.39348655523811094
-0.39350041458490181
-0.39350472749884097
-0.39304417030766958
-0.39302793447047429
-0.39304713347380915
-0.39305338177577770
-0.39303307858769587
-0.39304980038863685
-0.39302929285737048
-0.39302469497334203
-0.39302217952094631
-0.39301949697110200
-0.39301370408902092
-0.39303782065560794
-0.39307355394920185
-0.39306347813962372
-0.39309040219545743
-0.39307029847249186
-0.39298646418419925
-0.39298341982861007
-0.39297961810325988
-0.39300122924527936
-0.39300544918422858
-0.39300885037613942
-0.39301303716283803
-0.39299027247336249
-0.39296338749559018
-0.39296951338915631
-0.39295091412674871
-0.39296611170137313
-0.39299652432637444
-0.39298224375908064
-0.39299894820561354
-0.39300414656497451
-0.39246525657662579
-0.39244578853027173
-0.39246880967312264
-0.39247630196385186
-0.39245195670457389
-0.39247200754551081
-0.39244741733349414
-0.39244190414806185
-0.39243888795256870
-0.39243567140255070
-0.39242872538657597
-0.39245764281436513
-0.39250049052268304
-0.39248840851637712
-0.39252069365533976
-0.39249658683620642
-0.39239606350226286
-0.39239241322272467
-0.39238785484412547
-0.39241376739875172
-0.39241882730965155
-0.39242290551501263
-0.39242792570372947
-0.39240062977408868
-0.39236839401809542
-0.39237573906122669
-0.39235343835133463
-0.39237166037985627
-0.39240812599237018
-0.39239100308000263
-0.39241103232856528
-0.39241726540444372
-0.39178976447644004
-0.39176653152715935
-0.39179400471019543
-0.39180294595182813
-0.39177389254968059
-0.39179782102486727
-0.39176847531998427
-0.39176189595733474
-0.39175829647182131
-0.39175445788780666
-0.39174616861951406
-0.39178067828879226
-0.39183181247335130
-0.39181739384296227
-0.39185592290910454
-0.39182715382186006
-0.39170719053610448
-0.39170283437065856
-0.39169739450188840
-0.39172831801509089
-0.39173435642131743
-0.39173922328090449
-0.39174521429087450
-0.39171263982985000
-0.39167417041178743
-0.39168293580688857
-0.39165632270520595
-0.39167806840728825
-0.39172158566742293
-0.39170115153703455
-0.39172505403344604
-0.39173249247143171
-0.39100503848419083
-0.39097743165825710
-0.39101007697040996
-0.39102070143941281
-0.39098617850189055
-0.39101461172634039
-0.39097974140075281
-0.39097192336347586
-0.39096764620786412
-0.39096308493353193
-0.39095323502503848
-0.39099424173850872
-0.39105500201493970
-0.39103786914810573
-0.39108365096461972
-0.39104946640299426
-0.39090691808133921
-0.39090174169152236
-0.39089527753644698
-0.39093202355358458
-0.39093919886988338
-0.39094498205042860
-0.39095210102096734
-0.39091339341416470
-0.39086768038700653
-0.39087809631856307
-0.39084647183148791
-0.39087231238462683
-0.39092402362351097
-0.39089974199430649
-0.39092814502399276
-0.39093698397738397
-0.39009704366869630
-0.39006436610388984
-0.39010300754378302
-0.39011558328049811
-0.39007471960706924
-0.39010837515433211
-0.39006710011619966
-0.39005784598940180
-0.39005278314550496
-0.39004738397577227
-0.39003572460506275
-0.39008426388125517
-0.39015618282654374
-0.39013590378787921
-0.39019009218512246
-0.39014963071447478
-0.38998089802371561
-0.38997477048639007
-0.38996711852951732
-0.39001061624664801
-0.39001910982429278
-0.39002595547020480
-0.39003438227550369
-0.38998856315032238
-0.38993444995924875
-0.38994678006002209
-0.38990934356111973
-0.38993993320505299
-0.39000114650636697
-0.38997240334436861
-0.39000602512954446
-0.39001648801243138
-0.38905018281721654
-0.38901163578560294
-0.38905721778211205
-0.38907205194608802
-0.38902384908844245
-0.38906354936207788
-0.38901486092006754
-0.38900394440196451
-0.38899797203947195
-0.38899160290019530
-0.38897784879393799
-0.38903510769528210
-0.38911994142239598
-0.38909602136684890
-0.38915993806653237
-0.38911221295494208
-0.38891316996860142
-0.38890594111344617
-0.38889691379155922
-0.38894822892422470
-0.38895824872087054
-0.38896632440859652
-0.38897626529021867
-0.38892221270836252
-0.38885837261954342
-0.38887291935841789
-0.38882875219899243
-0.38886484163451396
-0.38893705746201512
-0.38890314850765945
-0.38894281279128529
-0.38895515580177703
-0.38784707471536384
-0.38780174070457407
-0.38785534811331152
-0.38787279346310860
-0.38781610461941329
-0.38786279424633868
-0.38780553376481780
-0.38779269486076628
-0.38778567070479270
-0.38777817984298724
-0.38776200320023213
-0.38782934555154497
-0.38792911069832708
-0.38790098148686536
-0.38797614377066802
-0.38792002235338935
-0.38768592896406634
-0.38767742614623590
-0.38766680781356383
-0.38772716546505731
-0.38773895049090440
-0.38774844880787740
-0.38776014077474796
-0.38769656523360924
-0.38762147275626108
-0.38763858397233714
-0.38758662960188611
-0.38762908224366688
-0.38771402572072089
-0.38767414137234307
-0.38772079509325763
-0.38773531269380745
-0.38646828506689257
-0.38641510720795413
-0.38647798962483026
-0.38649845239400232
-0.38643195675061709
-0.38648672372726761
-0.38641955667476191
-0.38640449585203562
-0.38639625598111060
-0.38638746854699874
-0.38636849164682308
-0.38644748870815371
-0.38656450738934062
-0.38653151497355043
-0.38661966928851615
-0.38655384790710218
-0.38627924330239527
-0.38626926747281148
-0.38625680948764685
-0.38632762199000914
-0.38634144771890011
-0.38635259061876198
-0.38636630680096573
-0.38629172202534584
-0.38620361810677778
-0.38622369496942127
-0.38616273471369389
-0.38621254649418790
-0.38631220671214356
-0.38626541362184574
-0.38632014843327256
-0.38633718002070128
-0.38489199990615613
-0.38482975686404858
-0.38490335830008848
-0.38492730780650314
-0.38484947922680496
-0.38491358072536203
-0.38483496500231923
-0.38481733605393359
-0.38480769099043050
-0.38479740486391822
-0.38477519103787849
-0.38486765895288916
-0.38500461359696608
-0.38496600263501041
-0.38506916556460707
-0.38499213901606449
-0.38467071163257555
-0.38465903253486894
-0.38464444725366992
-0.38472734819115945
-0.38474353317098597
-0.38475657729354901
-0.38477263348139462
-0.38468532073990719
-0.38458217021617719
-0.38460567695893139
-0.38453430039533565
-0.38459262398699229
-0.38470930205424048
-0.38465452063624589
-0.38471859920265594
-0.38473853725690493
-0.38309362948529818
-0.38302090471867595
-0.38310689992799912
-0.38313488033351129
-0.38304394903261929
-0.38311884298969934
-0.38302699015738378
-0.38300639146347748
-0.38299512138567926
-0.38298310206480846
-0.38295714463913305
-0.38306519029413411
-0.38322519074154648
-0.38318008578093099
-0.38330059414784340
-0.38321061832805930
-0.38283504660875123
-0.38282139689102462
-0.38280435030490828
-0.38290123621847055
-0.38292015017112069
-0.38293539336042404
-0.38295415601533639
-0.38285212039414945
-0.38273155981611123
-0.38275903567567732
-0.38267560429172420
-0.38274377882257465
-0.38288014677524113
-0.38281612363586520
-0.38289101186636082
-0.38291431193590436
-0.38104532857983475
-0.38096047262590055
-0.38106081167461631
-0.38109345640747228
-0.38098736194014365
-0.38107474580725331
-0.38096757352406768
-0.38094353732793634
-0.38093038619376307
-0.38091636052083194
-0.38088606924261775
-0.38101214654628812
-0.38119881232866526
-0.38114619473960148
-0.38128676700898212
-0.38118181313479571
-0.38074357011418486
-0.38072763809499882
-0.38070774078246777
-0.38082082239859261
-0.38084289616637257
-0.38086068547379959
-0.38088258156341309
-0.38076349826970096
-0.38062277179092896
-0.38065484568189445
-0.38055744819899778
-0.38063703578487051
-0.38079620896864119
-0.38072148303895387
-0.38080888968187032
-0.38083608264599539
-0.37871541713609164
-0.37861650128833230
-0.37873346429261839
-0.37877151375477003
-0.37864784728512163
-0.37874970561592852
-0.37862477922426374
-0.37859675845797014
-0.37858142678532358
-0.37856507523821581
-0.37852975959559032
-0.37867673862079232
-0.37889429996629403
-0.37883297963474111
-0.37899679125058922
-0.37887448969934012
-0.37836360294425181
-0.37834502371617734
-0.37832181971576340
-0.37845368493948439
-0.37847942271164875
-0.37850016423272292
-0.37852569331823294
-0.37838684167146508
-0.37822272218676822
-0.37826013075699677
-0.37814652815362715
-0.37823935885519244
-0.37842498494911414
-0.37833784583925945
-0.37843977116901717
-0.37847147831177697
-0.37606768358270937
-0.37595244301874436
-0.37608870734715805
-0.37613303064707082
-0.37598896408230525
-0.37610762695043959
-0.37596208776587375
-0.37592943987193606
-0.37591157587213342
-0.37589252309660670
-0.37585137183069017
-0.37602262372393935
-0.37627604550861760
-0.37620462610938965
-0.37639540189817505
-0.37625297332997309
-0.37565773015285753
-0.37563607464687110
-0.37560902777820587
-0.37576271911504494
-0.37579271345041776
-0.37581688441011268
-0.37584663349526903
-0.37568481581976176
-0.37549350800992415
-0.37553711784372779
-0.37540467573953745
-0.37551290285695516
-0.37572927131146860
-0.37562770812456020
-0.37574650378030983
-0.37578345531251683
-0.37306055272785121
-0.37292631685281030
-0.37308503943278337
-0.37313666099603243
-0.37296886020238845
-0.37310707474345250
-0.37293755222998914
-0.37289951934272725
-0.37287870805807294
-0.37285651126827524
-0.37280856726991868
-0.37300806826917926
-0.37330320177172022
-0.37322003826320493
-0.37344216551508691
-0.37327633658795645
-0.37258292293906192
-0.37255768451737398
-0.37252616160958768
-0.37270527107584078
-0.37274022131424400
-0.37276838487740893
-0.37280304660446639
-0.37261448882247239
-0.37239151026792672
-0.37244234511680180
-0.37228795083669303
-0.37241411873474572
-0.37266629495306230
-0.37254793353573951
-0.37268637587633252
-0.37272943363653060
-0.36964610239874141
-0.36948970998440889
-0.36967462757209274
-0.36973475955403634
-0.36953927864040104
-0.36970029620334310
-0.36950280098387639
-0.36945848578191809
-0.36943423585005131
-0.36940837069429583
-0.36935250041351070
-0.36958495858786089
-0.36992872631823875
-0.36983187318279742
-0.37009053933623931
-0.36989744008827830
-0.36908950058350776
-0.36906007869520824
-0.36902332914023828
-0.36923211395799077
-0.36927284866004262
-0.36930567198143394
-0.36934606680617255
-0.36912629727846619
-0.36886633351386583
-0.36892560750008013
-0.36874556893974297
-0.36889269575735301
-0.36918668467971466
-0.36904871112999121
-0.36921009065302984
-0.36926027577600506
-0.36576892036357200
-0.36558661715695201
-0.36580216732031273
-0.36587224871290275
-0.36564440247820273
-0.36583208377880844
-0.36560187854497589
-0.36555021511466551
-0.36552194279816319
-0.36549178630419621
-0.36542664283842469
-0.36569765101364787
-0.36609826970964254
-0.36598541850833743
-0.36628677725356990
-0.36606181730600423
-0.36511992435973706
-0.36508560481820473
-0.36504273589789349
-0.36528625810242049
-0.36533376212687946
-0.36537203813138897
-0.36541914108061818
-0.36516284440729468
-0.36485957401654362
-0.36492873169986423
-0.36471865528720543
-0.36489033274264432
-0.36523327624218482
-0.36507234460740906
-0.36526057384985966
-0.36531910015338132
-0.36136480981110952
-0.36115212697113663
-0.36140359172922076
-0.36148533480005568
-0.36121954728126288
-0.36143848725484590
-0.36116993349787546
-0.36110965274597029
-0.36107666297536900
-0.36104147330712466
-0.36096545259160961
-0.36128166988039606
-0.36174891533399534
-0.36161732053435625
-0.36196868913207930
-0.36170641062096648
-0.36060743426713604
-0.36056736585466354
-0.36051731347506760
-0.36080160553651436
-0.36085705217054925
-0.36090172539954540
-0.36095669782595358
-0.36065754137020689
-0.36030342854225089
-0.36038419243126785
-0.36013883843058997
-0.36033935015216223
-0.36073976117378670
-0.36055188395110643
-0.36077162549646713
-0.36083993909712941
-0.35635938440308484
-0.35611099793411971
-0.35640466986181263
-0.35650011388761732
-0.35618974317456831
-0.35644541538190599
-0.35613179613544793
-0.35606138581187835
-0.35602285027821062
-0.35598174334478166
-0.35589293354092777
-0.35626229514905300
-0.35680780870283774
-0.35665420178680857
-0.35706428964678977
-0.35675819683070775
-0.35547457632223056
-0.35542774380479492
-0.35536923874585108
-0.35570149465740769
-0.35576628271146610
-0.35581847916838560
-0.35588270542568251
-0.35553313905033002
-0.35511919440597245
-0.35521361970652865
-0.35492673553849136
-0.35516119336118035
-0.35562922593520607
-0.35540964774152584
-0.35566646191124107
-0.35574628695746408
-0.35066665237375694
-0.35037622749595349
-0.35071959365627126
-0.35083116450036528
-0.35046830863594874
-0.35076722523177267
-0.35040054874997351
-0.35031820922796963
-0.35027314215934946
-0.35022506575823603
-0.35012119133191899
-0.35055314059909681
-0.35119076915639452
-0.35101126321515347
-0.35149042599616409
-0.35113279577689399
-0.34963173382867702
-0.34957692824227959
-0.34950845900934430
-0.34989724482365658
-0.34997303955994047
-0.35003409965388882
-0.35010922759538737
-0.34970026274470850
-0.34921578022460154
-0.34932631499671196
-0.34899045222623898
-0.34926494581361262
-0.34981269224550465
-0.34955575064569988
-0.34985625822552863
-0.34994964734704626
-0.34418778565866948
-0.34384781694582384
-0.34424974788469864
-0.34438031938156310
-0.34395561667498825
-0.34430549291819540
-0.34387629086276533
-0.34377988980605551
-0.34372712315412990
-0.34367083049987257
-0.34354919502479181
-0.34405492123805975
-0.34480106797823878
-0.34459105903892584
-0.34515156190029683
-0.34473324738321226
-0.34297588400555862
-0.34291167248684751
-0.34283144762333034
-0.34328691549350837
-0.34337569036154020
-0.34344720252990329
-0.34353518487755857
-0.34305616939268330
-0.34248845963401797
-0.34261800559821476
-0.34222433523426121
-0.34254608301670220
-0.34318787536719175
-0.34288685941952496
-0.34323890710208371
-0.34334829283301355
-0.33681041581254195
-0.33641208517895427
-0.33688300294385443
-0.33703595181953738
-0.33653840281276631
-0.33694830360709271
-0.33644545145088223
-0.33633248372907493
-0.33627064526880340
-0.33620467166147344
-0.33606210751990645
-0.33665475605523243
-0.33752869503454885
-0.33728277299731751
-0.33793902914348051
-0.33744928135147506
-0.33538996303663482
-0.33531466275235861
-0.33522057833691760
-0.33575465205356886
-0.33585872513048548
-0.33594255525689209
-0.33604568587148620
-0.33548410756356373
-0.33481826859220692
-0.33497023310567542
-0.33450838832280133
-0.33488586589309666
-0.33563853594192822
-0.33528556365184137
-0.33569836746242560
-0.33582660709563383
-0.32840899241049176
-0.32794208308790324
-0.32849406327602459
-0.32867330326160865
-0.32809016149288039
-0.32857059101712921
-0.32798119856861624
-0.32784876238096200
-0.32777626275427396
-0.32769891184581579
-0.32753175086740888
-0.32822654805591561
-0.32925062138979755
-0.32896251301885598
-0.32973123839581442
-0.32915759004469597
-0.32674343378193926
-0.32665509771374868
-0.32654471977993221
-0.32717119721045479
-0.32729325190019487
-0.32739156015929327
-0.32751249497212109
-0.32685387045546715
-0.32607266506268906
-0.32625098820466786
-0.32570898371750351
-0.32615198935241646
-0.32703500911780736
-0.32662095993366352
-0.32710518445259096
-0.32725558542112027
-0.31884694387232376
-0.31829986698004914
-0.31894660800786379
-0.31915658175377837
-0.31847338345888504
-0.31903625998654611
-0.31834570321485661
-0.31819050863568249
-0.31810554624857806
-0.31801489543915135
-0.31781898117033081
-0.31863318871718138
-0.31983276485843509
-0.31949534251353229
-0.32039553763831941
-0.31972381514137566
-0.31689486236644265
-0.31679128824965042
-0.31666186429450910
-0.31739635703888519
-0.31753943170985854
-0.31765466454799945
-0.31779641209420256
-0.31702434369466465
-0.31610828423225351
-0.31631741776781569
-0.31568171689651869
-0.31620131604605511
-0.31723670550657634
-0.31675126057875580
-0.31731897237922502
-0.31749527925124688
-0.30798148208802734
-0.30734148461365324
-0.30809806290837388
-0.30834366546004877
-0.30754448386986311
-0.30820292914601227
-0.30739511003437769
-0.30721353957955455
-0.30711413409836630
-0.30700807054000717
-0.30677883699056052
-0.30773143307383072
-0.30913447669701966
-0.30873987458214830
-0.30979252256460771
-0.30900706889493923
-0.30569738617786929
-0.30557616187471509
-0.30542467806819773
-0.30628429431655341
-0.30645172264249537
-0.30658656522765443
-0.30675242876514214
-0.30584892795899421
-0.30477668627644883
-0.30502149754812835
-0.30427730901189270
-0.30488559067601018
-0.30609745980729081
-0.30552931216957746
-0.30619373480658352
-0.30640005540889709
-0.29567167162403685
-0.29492528294029974
-0.29580762639950542
-0.29609403793733519
-0.29516203412913405
-0.29592991814304570
-0.29498782498403481
-0.29477606221809216
-0.29466012539330017
-0.29453642188058315
-0.29426905868357600
-0.29538006184183946
-0.29701618724122331
-0.29655606168922710
-0.29778344426422176
-0.29686762616837309
-0.29300764449368355
-0.29286623982338511
-0.29268953636572947
-0.29369223521847271
-0.29388752294823883
-0.29404480052496734
-0.29423825743266147
-0.29318441162607850
-0.29193364147036605
-0.29221922267301392
-0.29135108576150054
-0.29206068298428012
-0.29347430860530549
-0.29281159061342832
-0.29358660569405570
-0.29382725882384636
-0.28178956480264089
-0.28092328086568985
-0.28194736115862684
-0.28227978797732278
-0.28119805944653919
-0.28208930009211070
-0.28099586824679085
-0.28075009353541741
-0.28061553672008499
-0.28047196668026503
-0.28016166856442992
-0.28145110956740826
-0.28335010891514195
-0.28281604703164465
-0.28424066391446901
-0.28317767539464522
-0.27869775248939527
-0.27853365476452607
-0.27832859572446139
-0.27949223042571270
-0.27971887104559828
-0.27990140096172306
-0.28012592132640624
-0.27890289001248014
-0.27745143364721536
-0.27778282408211685
-0.27677545695656869
-0.27759885255427996
-0.27923931948055081
-0.27847023572267893
-0.27936964349011439
-0.27964893140827668
-0.26623268722142002
-0.26523378047636192
-0.26641465581720969
-0.26679802021115384
-0.26555061113050948
-0.26657834160776267
-0.26531747525896687
-0.26503409580563225
-0.26487895594129923
-0.26471342789117924
-0.26435568538110782
-0.26584240028782546
-0.26803247413978343
-0.26741649015770924
-0.26905973783280834
-0.26783358513471484
-0.26266819419867554
-0.26247906207831440
-0.26224272762965595
-0.26358395454296407
-0.26384521679941120
-0.26405563740792609
-0.26431447360606991
-0.26290463494888217
-0.26123188343739001
-0.26161375913069751
-0.26045300172335517
-0.26140175771367985
-0.26329242106950423
-0.26240596947723299
-0.26344264550351709
-0.26376459208643027
-0.24893443361008311
-0.24779165328276903
-0.24914263919036261
-0.24958130644462201
-0.24815408920673485
-0.24932993314261551
-0.24788739270800839
-0.24756323913961503
-0.24738578592011651
-0.24719645744285518
-0.24678730189254586
-0.24848790232729531
-0.25099409148777996
-0.25028907360448027
-0.25217004397344256
-0.25076644484848537
-0.24485775865771897
-0.24464154625385798
-0.24437138697757541
-0.24590477860339688
-0.24620353060279127
-0.24644415887413712
-0.24674016955509526
-0.24512806734828760
-0.24321604488591705
-0.24365247495614356
-0.24232602208079951
-0.24341018211915358
-0.24557143353731894
-0.24455799078056911
-0.24574320019500748
-0.24611133469892049
-0.22986824558655602
-0.22857213230405291
-0.23010442675666024
-0.23060207535414481
-0.22898315835859032
-0.23031689687743162
-0.22868070347216271
-0.22831311478739472
-0.22811189623220332
-0.22789722187264633
-0.22743332639760344
-0.22936175705158451
-0.23220518186872760
-0.23140511911027042
-0.23353997223347786
-0.23194683067486316
-0.22524627857629176
-0.22500127846744916
-0.22469516768265188
-0.22643289483831172
-0.22677153627684377
-0.22704431183593049
-0.22737989139704631
-0.22555259660854030
-0.22338631703955669
-0.22388068928898205
-0.22237830393195487
-0.22360622184108783
-0.22605507162137178
-0.22490660157642609
-0.22624975308513148
-0.22666702763084548
-0.20904304502059690
-0.20758570722130321
-0.20930865171058141
-0.20986834893618425
-0.20804781411803666
-0.20954760554218824
-0.20770776698251051
-0.20729452235529564
-0.20706832645639614
-0.20682701600857473
-0.20630560255767125
-0.20847350231793665
-0.21167177204927728
-0.21077165414201229
-0.21317385882049686
-0.21138109357704696
-0.20384813322554654
-0.20357291656702808
-0.20322907407111937
-0.20518131755003133
-0.20556185387208392
-0.20586839727688944
-0.20624554576962981
-0.20419225212751041
-0.20175916554190648
-0.20231431967909377
-0.20062741568515111
-0.20200609930638280
-0.20475678704000505
-0.20346656706337546
-0.20497553082873737
-0.20544441282378698
-0.18649107969220755
-0.18486553263393796
-0.18678739172501141
-0.18741184152096149
-0.18538092839634518
-0.18705398249723634
-0.18500166360762491
-0.18454079225926640
-0.18428854235260400
-0.18401944881122653
-0.18343804457569410
-0.18585574564024090
-0.18942436052148506
-0.18841979264042874
-0.19110113704624179
-0.18909993267034655
-0.18069859887347878
-0.18039188153923083
-0.18000870573426839
-0.18218459971793666
-0.18260882312262930
-0.18295058094797109
-0.18337108166721047
-0.18108212701602519
-0.17837092609276464
-0.17898942901933787
-0.17711022975514745
-0.17864602964749232
-0.18171136710470512
-0.18027336373077016
-0.18195520046451255
-0.18247789614640256
-0.16225295873700463
-0.16045235613149167
-0.16258122665559047
-0.16327306707519448
-0.16102320888858226
-0.16287658016682693
-0.16060313075548574
-0.16009269535491047
-0.15981333186262275
-0.15951532550757577
-0.15887149174557119
-0.16154915469152945
-0.16550320921805692
-0.16438993002615743
-0.16736181083632959
-0.16514365469665723
-0.15583861746793731
-0.15549912114389827
-0.15507501615617322
-0.15748363919127978
-0.15795332429965800
-0.15833172730228245
-0.15879734202236043
-0.15626315439326119
-0.15326255801634867
-0.15394697790555797
-0.15186769035934872
-0.15356697326497301
-0.15695972662561092
-0.15536794129024753
-0.15722966840941233
-0.15780836353662703
-0.13636585587282812
-0.13438300946213907
-0.13672739205450835
-0.13748939077441608
-0.13501159617236155
-0.13705268956265135
-0.13454902894630766
-0.13398699469186706
-0.13367940462451033
-0.13335129872564061
-0.13264247347365582
-0.13559077001479022
-0.13994609281845721
-0.13871963834920778
-0.14199398316018316
-0.13954996932899447
-0.12930414098822879
-0.12893052344853712
-0.12846381387961431
-0.13111470010590554
-0.13163171119945646
-0.13204826247170504
-0.13256084205033819
-0.12977136644081158
-0.12646953486720958
-0.12722256535732385
-0.12493502004466431
-0.12680445934740012
-0.13053802995367803
-0.12878616317253996
-0.13083515039336163
-0.13147214110153804
-0.10885912237241159
-0.10668658363413766
-0.10925529124286297
-0.11009033008848867
-0.10737525904475706
-0.10961176200502659
-0.10686846929806686
-0.10625273458782672
-0.10591576994667627
-0.10555634165470845
-0.10477988930425640
-0.10800983599656601
-0.11278293580004722
-0.11143863168203755
-0.11502795959122296
-0.11234873156581562
-0.10112380667237905
-0.10071470540728041
-0.10020369318848907
-0.10310654425034739
-0.10367278896070138
-0.10412902896852251
-0.10469047320404008
-0.10163542840362111
-0.98020388264087877E-1
-0.98844740048385019E-1
-0.96340741177516440E-1
-0.98387026096004568E-1
-0.10247499455519048
-0.10055663900155290
-0.10280038618398121
-0.10349802023922156
-0.79757999802749294E-1
-0.77388707641099952E-1
-0.80190103836788679E-1
-0.81100942770970921E-1
-0.78139694919384314E-1
-0.80578923644498729E-1
-0.77587045258773343E-1
-0.76915631128592454E-1
-0.76548213803673701E-1
-0.76156316984805197E-1
-0.75309775304548798E-1
-0.78831736024924715E-1
-0.84038482604423079E-1
-0.82571795794333436E-1
-0.86488314506467753E-1
-0.83564728230442364E-1
-0.71324608236185624E-1
-0.70878782427124198E-1
-0.70321925606008626E-1
-0.73485617023094224E-1
-0.74102859001464808E-1
-0.74600216271543965E-1
-0.75212292189573191E-1
-0.71882185929897757E-1
-0.67943108085963336E-1
-0.68841210861973062E-1
-0.66113452684426560E-1
-0.68342536953900065E-1
-0.72797233020987839E-1
-0.70706531986528570E-1
-0.73151901359607016E-1
-0.73912346209433932E-1
-0.49091678699791037E-1
-0.46519764105594393E-1
-0.49560810957987422E-1
-0.50549776745593369E-1
-0.47334900624039819E-1
-0.49982969307770242E-1
-0.46735036853366677E-1
-0.46006313692495110E-1
-0.45607559189358188E-1
-0.45182256112056007E-1
-0.44263619632704060E-1
-0.48086117909750363E-1
-0.53739961658195404E-1
-0.52147002954716408E-1
-0.56401269033956647E-1
-0.53225392416944795E-1
-0.39940301585762984E-1
-0.39456775798267438E-1
-0.38852867104742922E-1
-0.42284420928658091E-1
-0.42954076052105064E-1
-0.43493702255131939E-1
-0.44157840337458142E-1
-0.40545066262498618E-1
-0.36273519285242285E-1
-0.37247240768088455E-1
-0.34290151378285713E-1
-0.36706565841543914E-1
-0.41537641122202124E-1
-0.39269966564820222E-1
-0.41922388364728315E-1
-0.42747380591188974E-1
-0.16898599833568197E-1
-0.14119850890343342E-1
-0.17405556726498062E-1
-0.18474356502896059E-1
-0.15000443221930709E-1
-0.17861777661421142E-1
-0.14352401260923532E-1
-0.13565217140993409E-1
-0.13134504092248311E-1
-0.12675139023334092E-1
-0.11683016126825953E-1
-0.15812064131783776E-1
-0.21922952319864065E-1
-0.20200793472702296E-1
-0.24800843826932976E-1
-0.21366611630125272E-1
-0.70154555895846609E-2
-0.64935958468411194E-2
-0.58418569187286768E-2
-0.95458942420679274E-2
-0.10268920169595016E-1
-0.10851600207533171E-1
-0.11568782584978662E-1
-0.76682136473966997E-2
-0.30588232393288215E-2
-0.41093224424247864E-2
-0.91950345149225570E-3
-0.35259980990633012E-2
-0.87396721221273017E-2
-0.62919854493299551E-2
-0.91550346111432847E-2
-0.10045744512359957E-1
0.16772665633177353E-1
0.19760503614998103E-1
0.16227439143061691E-1
0.15077833469225217E-1
0.18813774780723588E-1
0.15736746364024019E-1
0.19510498921035433E-1
0.20356733257130638E-1
0.20819716592806115E-1
0.21313467797309641E-1
0.22379747774340659E-1
0.17941095041734970E-1
0.11367380055859719E-1
0.13220519338167458E-1
0.82696686154954055E-2
0.11966080152561290E-1
0.27394163346016052E-1
0.27954593218413766E-1
0.28654441471426415E-1
0.24676100437742536E-1
0.23899282325988470E-1
0.23273193225964123E-1
0.22502510197905709E-1
0.26693100611182363E-1
0.31642154074319535E-1
0.30514540182371857E-1
0.33937969676166774E-1
0.31140706733077780E-1
0.25542209345349162E-1
0.28171092997343994E-1
0.25096005965308667E-1
0.24139070541490275E-1
0.51863492171752540E-1
0.55060433091733751E-1
0.51279954356368597E-1
0.50049415303772223E-1
0.54047602739863955E-1
0.50754741868597145E-1
0.54792986870306253E-1
0.55698217795211280E-1
0.56193429677628130E-1
0.56721512829073888E-1
0.57861798755989943E-1
0.53113864028749999E-1
0.46076328946762481E-1
0.48060905170583715E-1
0.42757727830410923E-1
0.46717551006934990E-1
0.63221731391830113E-1
0.63820517415607167E-1
0.64568189558796479E-1
0.60316898065698642E-1
0.59486475827719723E-1
0.58817111156529336E-1
0.57993069665539410E-1
0.62472613387030321E-1
0.67759134764657572E-1
0.66554995420499016E-1
0.70210084045064902E-1
0.67223683466538536E-1
0.61242654772341892E-1
0.64051820438637455E-1
0.60765737485558996E-1
0.59742821203085959E-1
0.88305350310852251E-1
0.91708907553814861E-1
0.87683910482757352E-1
0.86373256173212898E-1
0.90630808206610333E-1
0.87124534940367843E-1
0.91424243673751696E-1
0.92387701764889141E-1
0.92914707232336496E-1
0.93476647549260314E-1
0.94689875678402952E-1
0.89636741266655579E-1
0.82139762494897836E-1
0.84254743212287833E-1
0.78601646094750621E-1
0.82823190202824401E-1
0.10038961872114724
0.10102605103627001
0.10182064031351155
0.97301252346903400E-1
0.96418088565806637E-1
0.95706123250870537E-1
0.94829529230441703E-1
0.99593313062610059E-1
0.10521069401164869
0.10393163383867546
0.10781333036199175
0.10464195952006722
0.98285662269055274E-1
0.10127187920432495
0.97778547791328080E-1
0.96690727812557109E-1
0.12602001273118651
0.12962497744307902
0.12536157255055144
0.12397265461589156
0.12848330854233228
0.12476883251517561
0.12932354908703003
0.13034368762194257
0.13090162513101938
0.13149649189184029
0.13278061034985472
0.12743043968527520
0.11948427096829599
0.12172698826894694
0.11573070795736014
0.12020906153281270
0.13880974944743504
0.13948258616958950
0.14032251988832056
0.13554365129295837
0.13460933612057985
0.13385602974387659
0.13292840663332384
0.13796778768469289
0.14390469640366108
0.14255340347355752
0.14665335521590411
0.14330388178984277
0.13658490588282762
0.13974245555815382
0.13604853062967615
0.13489778161770130
0.16491981192481642
0.16871808382189307
0.16422579759565337
0.16276157035421371
0.16751546398775011
0.16360096285090930
0.16840058716227319
0.16947503619072971
0.17006259292848869
0.17068897348985829
0.17204088740655724
0.16640616438454794
0.15802734053828738
0.16039337169107701
0.15406530233453428
0.15879208567850808
0.17838406608877871
0.17909150962353854
0.17997452031049987
0.17494872345759571
0.17396561168502506
0.17317283904435232
0.17219646623519885
0.17749867406266998
0.18373885862565509
0.18231914559637527
0.18662558045449754
0.18310766728950473
0.17604415999388148
0.17936472147219698
0.17547990064681801
0.17426913993529672
0.20490794519969915
0.20888842996053630
0.20418032799639571
0.20264489351384049
0.20762842767317682
0.20352515848753397
0.20855581209455365
0.20968135206702090
0.21029675011131616
0.21095273561096797
0.21236827788557702
0.20646594314850297
0.19767754922696484
0.20016063304233600
0.19351706265767538
0.19848024750729029
0.21900509096566986
0.21974477933525463
0.22066789483934660
0.21541172857765545
0.21438295711927041
0.21355322321218090
0.21253115557727381
0.21807920058864302
0.22460142814869752
0.22311824149211248
0.22761594851304418
0.22394206758136995
0.21655781212964043
0.22003041687494426
0.21596749473515597
0.21470060322103524
0.24587882276761205
0.25002740861771494
0.24512012555047641
0.24351874961433689
0.24871454737040649
0.24443687783295881
0.24968086872233428
0.25085342717912451
0.25149442240818165
0.25217760716638449
0.25365153917150413
0.24750300502089556
0.23833478233852090
0.24092677942555479
0.23398901274009781
0.23917282550058375
0.26055657314458314
0.26132558834687147
0.26228514337238734
0.25681912359840992
0.25574860638186930
0.25488504335750994
0.25382110880518288
0.25959381303918849
0.26637196205072428
0.26483135566724642
0.26950177499913736
0.26568713170824515
0.25801145446438178
0.26162252023771437
0.25739735037209027
0.25607916544921988
0.28771845467048435
0.29201807833826288
0.28693174244180020
0.28527083725649666
0.29065781313181088
0.28622316186280239
0.29165906122752250
0.29287373528944627
0.29353763050779302
0.29424512666611596
0.29577117211851089
0.28940220180314774
0.27989046634630987
0.28258137050351911
0.27537571851955672
0.28076064200231887
0.30291420587434242
0.30370910055617761
0.30470077116530725
0.29904919237075728
0.29794159050754909
0.29704793481905989
0.29594670763197900
0.30191886920506300
0.30892218491443840
0.30733125611632389
0.31215268385059941
0.30821504732881266
0.30028254127010251
0.30401599141937469
0.29964734874782323
0.29828362670304043
0.33030487236068345
0.33473568120992653
0.32949372547732036
0.32778079602452870
0.33333434437843545
0.32876302280860747
0.33436586277731589
0.33561696914914069
0.33630064231805723
0.33702911062459096
0.33860002444996101
0.33204046702697881
0.32222782194092209
0.32500582842106090
0.31756344847290480
0.32312633452897949
0.34594639627408813
0.34676323910654677
0.34778210059335779
0.34197272491008346
0.34083339113700184
0.33991394000488634
0.33878068877691847
0.34492338520628874
0.35211690043985205
0.35048368825012988
0.35543159554737042
0.35139103557447143
0.34324109692993104
0.34707856728451258
0.34258790795663752
0.34118525463974086
0.37350858083351990
0.37804819379985150
0.37267705020979575
0.37092060268521426
0.37661290952519244
0.37192786208411144
0.37766945819340325
0.37895061114517431
0.37965055891103017
0.38039625581031483
0.38200392817357448
0.37528730671480587
0.36522213860132846
0.36807377294095101
0.36043034808475699
0.36614464986069517
0.38951506665619401
0.39034950581353767
0.39139011310741501
0.38545373023925145
0.38428862790019769
0.38334817521167136
0.38218878542452744
0.38846981409571246
0.39581492846600141
0.39414827626628235
0.39919573574098466
0.39507427225357855
0.38675045708519556
0.39067158810906821
0.38608270957372642
0.38464847973967914
0.41719303728588158
0.42181690248888726
0.41634558175705866
0.41455499422403091
0.42035547089769987
0.41558191500420388
0.42143131127486277
0.42273552767745881
0.42344792362346090
0.42420676398453938
0.42584235785616426
0.41900531607515218
0.40874107445841157
0.41165138302170762
0.40384663604281423
0.40968276387777258
0.43347646557590497
0.43432380872116993
0.43538029722693455
0.42935016570112111
0.42816576388875788
0.42720951673838303
0.42603038933896997
0.43241483608794989
0.43987003788022411
0.43817942446742469
0.44329763066238148
0.43911880678279264
0.43066802428470435
0.43465083147989386
0.42998944076901952
0.42853160815918129
0.46121515230462434
0.46589699417273767
0.46035655922874796
0.45854191652665216
0.46441774751419262
0.45958272002017725
0.46550674816805054
0.46682657722184462
0.46754734348087590
0.46831497745602813
0.46996909626830252
0.46305071617872867
0.45264498619478882
0.45559778665742640
0.44767483156556270
0.45360063095186448
0.47768196665245127
0.47853727490396591
0.47960347853364854
0.47351466534852255
0.47231781314251070
0.47135129128358638
0.47015921993496790
0.47661013962684728
0.48413184657328023
0.48242719147503355
0.48758605692976681
0.48337445079579083
0.47484601928122588
0.47886733044695778
0.47416053385581758
0.47268753570529787
0.50542580952193961
0.51013815330296652
0.50456110061634385
0.50273299750683764
0.50864978826320695
0.50378161015618395
0.50974554816623485
0.51107322207984152
0.51179811219641058
0.51257001390898471
0.51423289416150786
0.50727390459523780
0.49678729408702249
0.49976548093693390
0.49177002317659652
0.49775136698182948
0.52197883442150361
0.52283702699280854
0.52390660918602550
0.51779525063374976
0.51659303455197736
0.51562195599268701
0.51442398687466862
0.52090317354697246
0.52844666211642777
0.52673811241692858
0.53190691677535240
0.52768761072133130
0.51913220990559061
0.52316815410768092
0.51844388586686352
0.51696444696798283
0.54967039945005125
0.55438515645422404
0.54880472472294251
0.54697404311343778
0.55289654805702326
0.54802422401010409
0.55399253348949540
0.55532013414450154
0.55604482441979042
0.55681638949341128
0.55847811172658413
0.55152001388955951
0.54101488688454036
0.54400078384297079
0.53598018907616829
0.54198166973439377
0.56621093881827478
0.56706690445026509
0.56813349729110152
0.56203600804561549
0.56083559777411551
0.55986575454156606
0.55866903357694953
0.56513785267301331
0.57265824090802253
0.57095594774489766
0.57610401485179041
0.57190204247201393
0.56337060114813819
0.56739713143262771
0.56268354230688156
0.56120648491045089
0.59378936274899918
0.59847845593521165
0.59292788612958969
0.59110555383917540
0.59699845959922127
0.59215103299994210
0.59808814985256786
0.59940778552496699
0.60012797157160358
0.60089461998818405
0.60254533046811065
0.59562947170119174
0.58516856990519517
0.58814431820271718
0.58014657782142987
0.58613227889111641
0.61021940307110722
0.61106811404889716
0.61212546021292880
0.60607772038901142
0.60488620850367103
0.60392333715266200
0.60273495025550916
0.60915520207826135
0.61660844868766651
0.61492234194685147
0.62001971906746411
0.61585951129280281
0.60740207247271794
0.61139550266635245
0.60672033144488846
0.60525437805552695
0.63761873739982800
0.64225474427016604
0.63676651823183872
0.63496325802676623
0.64079199335219794
0.63599788041507821
0.64186902984069949
0.64317301541637262
0.64388451032798211
0.64464179077859651
0.64627192560717373
0.63943855575770125
0.62908355742528876
0.63203152634571658
0.62410415517649154
0.63003847603617824
0.65384317340715559
0.65467979788943387
0.65572189010864379
0.64975844078108935
0.64858268247691486
0.64763233420021948
0.64645914653135805
0.65279392852016704
0.66013781094197233
0.65847738050897253
0.66349549461110358
0.65940034520649049
0.65106495115809138
0.65500248662193761
0.65039243807740221
0.64894601454604783
0.68099070304561704
0.68554749147954086
0.68015257793928696
0.67837865635101957
0.68411019796951944
0.67939652618569690
0.68516853110326847
0.68644956497252840
0.68714839540158013
0.68789208719568640
0.68949259041794031
0.68277993646763468
0.67259000711437655
0.67549321137542007
0.66768211867977412
0.67353062170452571
0.69691950255855806
0.69773951113400912
0.69876072413318568
0.69291400078691157
0.69176045957631005
0.69082787476534413
0.68967637501517176
0.69589091084082255
0.70308594716705808
0.70146003844566163
0.70637230670263307
0.70236387572286929
0.69419551320721073
0.69805575612284854
0.69353590823494626
0.69211695445942767
0.72373411399443799
0.72818744675298730
0.72291458359905358
0.72117956926830395
0.72678321267170098
0.72217518901475319
0.72781724092073841
0.72906857188479901
0.72975106842781412
0.73047727715779065
0.73203980478734687
0.72548319853347443
0.71551358991340175
0.71835609748191931
0.71070447573161888
0.71643472253771967
0.73928434209624605
0.74008360489019487
0.74107881528486486
0.73537844602294866
0.73425305097041260
0.73334304278884155
0.73221919819455350
0.73828160387565156
0.74529188755523101
0.74370851792983173
0.74849089293195947
0.74458876391092288
0.73662840564128662
0.74039181719069025
0.73598507839072747
0.73460087342777092
0.76567500988093506
0.77000309505440756
0.76487813493061430
0.76319067585805556
0.76863874154664169
0.76415907449182141
0.76964343753123032
0.77085901558991443
0.77152189419254102
0.77222713769977080
0.77374424038864209
0.76737533110709866
0.75767608339295289
0.76044339737099642
0.75299067392538355
0.75857301656145559
0.78077264058731433
0.78154751182848836
0.78251220222441864
0.77698439357260718
0.77589241294061073
0.77500926393844183
0.77391839111395266
0.77980035215048615
0.78659427383075597
0.78506047543470658
0.78969190968918102
0.78591321297014782
0.77819698533075032
0.78184628979155912
0.77757292390277533
0.77622993142560803
0.80663708951223090
0.81082105707639840
0.80586640002079279
0.80423402815712508
0.80950247722820612
0.80517087382321861
0.81047349637553667
0.81164810215150751
0.81228853374352838
0.81296981547235070
0.81443509374873269
0.80828117309067604
0.79889597023368564
0.80157536955746622
0.79435626403526371
0.79976455855577433
0.82121854494074298
0.82196593261283335
0.82289627704659762
0.81756330519965970
0.81650924044762718
0.81565661550403001
0.81460327126767340
0.82028060984544082
0.82683144711608580
0.82535313978639135
0.82981595860120583
0.82617506952222897
0.81873356940776820
0.82225408849802306
0.81813132118643128
0.81683506006436180
0.84644212859977275
0.85046641729701244
0.84570054936446182
0.84412951949217030
0.84919845740202182
0.84503121252696811
0.85013222566765900
0.85126157439705730
0.85187724061438519
0.85253210813318869
0.85394033563585692
0.84802379584560084
0.83898901589737440
0.84156984173452998
0.83461356655034713
0.83982578026125232
0.86045550049806108
0.86117291949336749
0.86206584833963040
0.85694566805073147
0.85593317102248245
0.85511404901498278
0.85410194430635966
0.85955506158780781
0.86584142431170696
0.86442332105869990
0.86870349755185672
0.86521181441855799
0.85806959018540063
0.86144949972146445
0.85749121590661193
0.85624615931967185
0.88491031527575503
0.88876295898970947
0.88420010993948828
0.88269527787784186
0.88754933142910208
0.88355902126138430
0.88844310973076257
0.88952392713799677
0.89011306074382179
0.89073964801412198
0.89208685986894964
0.88642479915363392
0.87776879039672551
0.88024266818972507
0.87357230167591593
0.87857099131417959
0.89831624071401039
0.89900184873169797
0.89985509222069970
0.89496106956885801
0.89399288449196845
0.89320951010301941
0.89224144885465406
0.89745563387424410
0.90346175985315069
0.90210730563123798
0.90619463615789653
0.90286043924628245
0.89603564263985658
0.89926614750148715
0.89548268456114233
0.89429218957721790
0.92186046743617289
0.92553327578283051
0.92118320231015560
0.91974794523387460
0.92437650495933099
0.92057179083013430
0.92522842924284221
0.92625849813741645
0.92681990757436861
0.92741696041345889
0.92870050573090090
0.92330448668313070
0.91504708742344898
0.91740807831518489
0.91104012957338465
0.91581277540305817
0.93463264857877426
0.93528526483194818
0.93609737532678861
0.93143814458604635
0.93051607525116886
0.92976993129243823
0.92884777483027958
0.93381337822614618
0.93952928087016596
0.93824062395649455
0.94212880655942477
0.93895719590721394
0.93246140379237752
0.93553683113923636
0.93193486809069792
0.93080113609985871
0.95711008113822715
0.96059871484819104
0.95646660886231794
0.95510278809636606
0.95950011581719463
0.95588565844006967
0.96030921300228245
0.96128739100974925
0.96182046935837207
0.96238735442671264
0.96360591376280913
0.95848187253917083
0.95063417815571416
0.95287885780333725
0.94682303060513828
0.95136222036803786
0.96923545744216522
0.96985456503056622
0.97062491917938387
0.96620435816078487
0.96532925940146985
0.96462105900530482
0.96374571525195507
0.96845819272246447
0.97387966899037859
0.97265766289100797
0.97634428538828433
0.97333719190326762
0.96717538890687194
0.97009320342917993
0.96667574174125792
0.96559980862334160
0.99047513602857484
0.99377908357249556
0.98986559800297180
0.98857356217041104
0.99273877122162069
0.98931524899596102
0.99350495260004679
0.99443116300168033
0.99493588245397002
0.99547258097079228
0.99662615142085376
0.99177444725035613
0.98433881336940243
0.98646628064425790
0.98072543108405885
0.98502889734873578
1.0019537353100536
1.0025394688659384
1.0032682516554738
0.99908556431713891
0.99825735570627017
0.99758705273445814
0.99675848822307411
1.0012183250144815
1.0063468380972709
1.0051910706085601
1.0086775186470978
1.0058337800722743
1.0000044859570485
1.0027652345954106
0.99953166197052057
0.99851341540874683
1.0217695454900404
1.0248920131044121
1.0211933908936695
1.0199720148544249
1.0239089380004902
1.0206731569740968
1.0246329729405470
1.0255081721034662
1.0259850658623240
1.0264921540912479
1.0275820064363366
1.0229975931946620
1.0159678493206461
1.0179796718734904
1.0125499417756698
1.0166204659304030
1.0326140576747687
1.0331671786001093
1.0338553521992075
1.0299052420328483
1.0291229405648104
1.0284897556313077
1.0277070271282278
1.0319195609694491
1.0367620180563297
1.0356708628892242
1.0389621618022125
1.0362776522535366
1.0307731709436212
1.0333803679744324
1.0303265923495082
1.0293648123103261
1.0508040727255725
1.0537518054648547
1.0502600908642337
1.0491068435418258
1.0528238108268231
1.0497688880354483
1.0535072848665090
1.0543334111910154
1.0547835454758738
1.0552621648266196
1.0562907788346159
1.0519634729022045
1.0453253068640151
1.0472254148560318
1.0420965106459852
1.0459417161839932
1.0610392068101981
1.0615610691154995
1.0622103302388268
1.0584832428088460
1.0577450102303776
1.0571474688166118
1.0564087701870859
1.0603839359846441
1.0649523872016633
1.0639230723694086
1.0670276801718448
1.0644954791456414
1.0593022395855312
1.0617622063303507
1.0588808433748427
1.0579732604303300
1.0773844115027664
1.0801674683458504
1.0768707731790839
1.0757818050861174
1.0792913609532890
1.0764069570867161
1.0799366235832963
1.0807165343340184
1.0811414739423686
1.0815932943414246
1.0825642800192217
1.0784790911408992
1.0722105511096864
1.0740050945865300
1.0691606694923330
1.0727927362847383
1.0870461131199829
1.0875386236047540
1.0881513540196466
1.0846337616687824
1.0839369609875640
1.0833729391925873
1.0826756579630512
1.0864276836281255
1.0907389743869340
1.0897676602403819
1.0926972329566846
1.0903078165806905
1.0854067684629141
1.0877284453989355
1.0850090386407523
1.0841524034287158
1.1013078878641254
1.1039393998753089
1.1008221903193045
1.0997924291274535
1.1031110258803858
1.1003835969098115
1.1037211346779403
1.1044585386848176
1.1048603104308410
1.1052874915323809
1.1062055060716969
1.1023429894818411
1.0964150357886950
1.0981122255489697
1.0935303107481655
1.0969656513176871
1.1104425142212793
1.1109080916328253
1.1114873075374512
1.1081620027661740
1.1075032571278602
1.1069700294994034
1.1063108061980254
1.1098578961520078
1.1139333128349866
1.1130151709431051
1.1157843264763005
1.1135257597037433
1.1088927782541513
1.1110875315832764
1.1085167792620740
1.1077069347427280
1.1223577142189001
1.1248536630454224
1.1218970226443039
1.1209202618281469
1.1240679770709887
1.1214810058155062
1.1246466467513558
1.1253460432561151
1.1257271028490059
1.1261322589725888
1.1270029319429584
1.1233395080426745
1.1177165277247274
1.1193264851914624
1.1149798999631844
1.1182388505166863
1.1310212911730702
1.1314628303583452
1.1320121380686241
1.1288584922007243
1.1282337373394231
1.1277280196176309
1.1271028009702324
1.1304668545514924
1.1343318154442836
1.1334610968392753
1.1360872116364784
1.1339453135281437
1.1295515538608907
1.1316330051181775
1.1291949602154967
1.1284269059470795
1.1402924449277727
1.1426715143936430
1.1398533206807724
1.1389222801851309
1.1419226254341537
1.1394567779809510
1.1424741939710281
1.1431408322234429
1.1435040425049066
1.1438902196913923
1.1447201044134547
1.1412282696153708
1.1358684315462444
1.1374030832371087
1.1332597268372722
1.1363663263479262
1.1485501845117725
1.1489710342978376
1.1494946030651969
1.1464887273731790
1.1458932449861610
1.1454112214708141
1.1448152946691734
1.1480217274154039
1.1517055946120809
1.1508756705538434
1.1533787595052871
1.1513372005452984
1.1471493150243641
1.1491332351354688
1.1468094300035185
1.1460773629217949
1.1548245494526304
1.1571081417496103
1.1544030479678196
1.1535093707102835
1.1563893071890585
1.1540224189512467
1.1569187401417340
1.1575586252165704
1.1579072595999371
1.1582779394763858
1.1590745220522043
1.1557228174815533
1.1505780588423151
1.1520511359414656
1.1480739967220885
1.1510559777196270
1.1627509409482850
1.1631549113799373
1.1636574827406738
1.1607721800026451
1.1602005896671337
1.1597379070440548
1.1591658925718353
1.1622436807702119
1.1657798291669557
1.1649831739609822
1.1673859450768926
1.1654262019343844
1.1614062653595403
1.1633106070346453
1.1610800160087837
1.1603773202274861
1.1655674598502699
1.1677801013022129
1.1651590566162036
1.1642931524515485
1.1670835983325871
1.1647902562338710
1.1675965834727291
1.1682165912006670
1.1685543965474343
1.1689135633778982
1.1696854074689209
1.1664378161809790
1.1614529507378735
1.1628802401698766
1.1590267257173996
1.1619160141540652
1.1732477113247330
1.1736391495605902
1.1741261320717458
1.1713303574890124
1.1707765112687947
1.1703281936431433
1.1697739406620500
1.1727561897940373
1.1761826765564047
1.1754107152498057
1.1777390315558085
1.1758400097830304
1.1719447616267389
1.1737900155542644
1.1716286382497738
1.1709477552485856
1.1718048986487821
1.1739762234738711

