# rank
2
# size
112
32
# lbound
1
1
# entries
0.62294319711661975E-309
0.62294319711661975E-309
0.46464373127013585E-309
0.46464373127013585E-309
-0.26659377888038349
-0.26770203043978036
-0.26614568665987565
-0.26618792553345411
-0.26659377888038333
-0.26618792553345411
-0.26614568665987542
-0.26770203043978058
-0.26978367807521347
-0.26930218378539750
-0.27092217922403944
-0.26930218378539766
-0.26967247970992736
-0.27080537052626369
-0.26914335245062848
-0.26924918513363871
-0.27089296377057626
-0.26975585145144182
-0.27140868563166243
-0.27134752620324798
-0.27065954487341659
-0.27122537305262684
-0.27104253674914980
-0.26953387859967082
-0.26763075579881890
-0.26802055518223672
-0.26652711562910031
-0.26812035884421986
-0.25064310756718278
-0.25115195069679308
-0.24937307726145219
-0.25115195069679302
-0.24934759726475048
-0.25061587389431822
-0.24883489196268430
-0.24888321930403018
-0.24934759726475025
-0.24888321930403010
-0.24883489196268430
-0.25061587389431844
-0.25299892323659368
-0.25244761972103535
-0.25430270809590544
-0.25244761972103535
-0.25287159789736230
-0.25416892753478793
-0.25226577252837651
-0.25238694048778804
-0.25426924745030610
-0.25296706067204489
-0.25485993595530915
-0.25478988303926248
-0.25400191841671160
-0.25464996957738134
-0.25444055642321023
-0.25271289976212818
-0.25053429829473445
-0.25098044887487420
-0.24927131817762849
-0.25109468669187424
-0.23180686388264557
-0.23238434124645274
-0.23036584184632217
-0.23238434124645263
-0.23033693592831783
-0.23177595887384725
-0.22975533329839126
-0.22981015172133887
-0.23033693592831764
-0.22981015172133876
-0.22975533329839110
-0.23177595887384750
-0.23448103745835946
-0.23385509600247900
-0.23596166301998905
-0.23385509600247917
-0.23433646688413651
-0.23580971578838680
-0.23364864772832600
-0.23378620681219323
-0.23592365814919627
-0.23444485894111286
-0.23659461114527655
-0.23651503433861384
-0.23562003451307059
-0.23635610318656222
-0.23611823543799867
-0.23415628049493323
-0.23168338740442940
-0.23218969876183804
-0.23025040179718897
-0.23231934973180793
-0.21122362006433112
-0.21187335963772155
-0.20960265299651423
-0.21187335963772155
-0.20957014299799664
-0.21118885021210249
-0.20891607022448971
-0.20897771552207670
-0.20957014299799648
-0.20897771552207653
-0.20891607022448946
-0.21118885021210271
-0.21423314996646123
-0.21352854602243407
-0.21590025049277420
-0.21352854602243435
-0.21407040210170764
-0.21572914038278904
-0.21329617549692415
-0.21345100567661607
-0.21585745206388826
-0.21419242210845932
-0.21661308739079546
-0.21652346094455990
-0.21551554577440285
-0.21634446351314579
-0.21607657534839669
-0.21386756791375514
-0.21108470364355864
-0.21165435106711331
-0.20947282081133933
-0.21180023114806676
-0.18892418316764206
-0.18964936417960510
-0.18711539835241589
-0.18964936417960518
-0.18707912721746953
-0.18888537872673739
-0.18634943131458495
-0.18641820009774521
-0.18707912721746925
-0.18641820009774512
-0.18634943131458473
-0.18888537872673763
-0.19228391428763383
-0.19149714462374728
-0.19414584914975194
-0.19149714462374734
-0.19210217841628338
-0.19395471348146981
-0.19123770031031090
-0.19141056865573464
-0.19409804128537089
-0.19223843411837033
-0.19494218050405168
-0.19484205001400148
-0.19371613018914816
-0.19464207970150482
-0.19434281655479924
-0.19187568733215607
-0.18876914885207138
-0.18940491635688197
-0.18697054700507690
-0.18956774020218237
-0.16494888352884754
-0.16575258476612620
-0.16294462387180095
-0.16575258476612620
-0.16290443837017116
-0.16490587989943384
-0.16209603925438318
-0.16217222159159669
-0.16290443837017088
-0.16217222159159655
-0.16209603925438293
-0.16490587989943453
-0.16867312505709367
-0.16780082821299488
-0.17073787681668029
-0.16780082821299494
-0.16847162411866654
-0.17052589431008996
-0.16751320309834303
-0.16770484713545547
-0.17068485405358622
-0.16862269807994942
-0.17162112901705878
-0.17151006323018089
-0.17026129777904317
-0.17128825914612780
-0.17095633356045739
-0.16822050821928275
-0.16477707378525314
-0.16548165929547018
-0.16278414149925086
-0.16566211850216259
-0.13933539542753465
-0.14022084089994269
-0.13712763331812206
-0.14022084089994269
-0.13708337268973836
-0.13928802017880915
-0.13619303813659001
-0.13627693848412636
-0.13708337268973789
-0.13627693848412623
-0.13619303813658984
-0.13928802017880954
-0.14343910775240737
-0.14247777517129398
-0.14571499081464892
-0.14247777517129395
-0.14321703104428840
-0.14548130727219075
-0.14216081293555180
-0.14237200308594075
-0.14565653948222082
-0.14338353107114843
-0.14668872432081642
-0.14656627540611314
-0.14518963147263292
-0.14632174330768052
-0.14595581731486607
-0.14294028019706420
-0.13914612140125443
-0.13992235067862580
-0.13695087796675365
-0.14012116931568894
-0.11211353682667766
-0.11308410608015372
-0.10969388922514015
-0.11308410608015368
-0.10964538608045625
-0.11206160940832090
-0.10866975484282650
-0.10876168945875737
-0.10964538608045585
-0.10876168945875737
-0.10866975484282623
-0.11206160940832147
-0.11661245743735973
-0.11555838618383382
-0.11910827275739831
-0.11555838618383382
-0.11636894873330005
-0.11885198243004652
-0.11521086798322966
-0.11544241623964484
-0.11904416625806720
-0.11655151672875363
-0.12017626645476778
-0.12004195880234499
-0.11853209747741404
-0.11977374923555921
-0.11937240291730977
-0.11606549659095153
-0.11190607734905780
-0.11275691077931119
-0.10950019258713851
-0.11297484828004659
-0.83308118804851478E-1
-0.84367097171920646E-1
-0.80668505730594656E-1
-0.84367097171920563E-1
-0.80615599760853127E-1
-0.83251464145006102E-1
-0.79551461495863868E-1
-0.79651731727660491E-1
-0.80615599760852613E-1
-0.79651731727660491E-1
-0.79551461495863521E-1
-0.83251464145006795E-1
-0.88217677100308256E-1
-0.87067207302032185E-1
-0.90942192445504610E-1
-0.87067207302032268E-1
-0.87951888569103256E-1
-0.90662388612723799E-1
-0.86687932344215235E-1
-0.86940638458293626E-1
-0.90872203845946062E-1
-0.88151160054935257E-1
-0.92108239845355183E-1
-0.91961595074747812E-1
-0.90313164801444856E-1
-0.91668753851397763E-1
-0.91230562202459536E-1
-0.87620680548957011E-1
-0.83081774861876512E-1
-0.84010086491961317E-1
-0.80457228013227702E-1
-0.84247882092580911E-1
-0.52946686633287068E-1
-0.54096902500186499E-1
-0.50080235028659603E-1
-0.54096902500186582E-1
-0.50022791090191969E-1
-0.52885154551234201E-1
-0.48867449608783219E-1
-0.48976307710575220E-1
-0.50022791090191622E-1
-0.48976307710575047E-1
-0.48867449608782781E-1
-0.52885154551234943E-1
-0.58280329241588935E-1
-0.57030234298410594E-1
-0.61241364831433900E-1
-0.57030234298410989E-1
-0.57991511416369296E-1
-0.60937232944447875E-1
-0.56618148885548954E-1
-0.56892714367995693E-1
-0.61165290142547561E-1
-0.58208048068963320E-1
-0.62508888125206968E-1
-0.62349473416120647E-1
-0.60557657268623291E-1
-0.62031138310243296E-1
-0.61554816370116096E-1
-0.57631616970646497E-1
-0.52700858923629683E-1
-0.53709118421384705E-1
-0.49850837160775555E-1
-0.53967409727493129E-1
-0.21065295623345165E-1
-0.22308888950439552E-1
-0.17966894826162167E-1
-0.22308888950439552E-1
-0.17904813768268798E-1
-0.20998773071867791E-1
-0.16656302355344235E-1
-0.16773931397877941E-1
-0.17904813768268229E-1
-0.16773931397878115E-1
-0.16656302355343974E-1
-0.20998773071868444E-1
-0.26833369911049784E-1
-0.25481128126830732E-1
-0.30037130461254547E-1
-0.25481128126830600E-1
-0.26520934993046221E-1
-0.29708018335622151E-1
-0.25035413850246987E-1
-0.25332383282354556E-1
-0.29954806229791024E-1
-0.26755177213230862E-1
-0.31408884110286035E-1
-0.31236349823176194E-1
-0.29297281586542923E-1
-0.30891825402501853E-1
-0.30376339492861205E-1
-0.26131626031268704E-1
-0.20799533383039543E-1
-0.21889604335097249E-1
-0.17718981628776862E-1
-0.22168875030946684E-1
0.12290319713660640E-1
0.10952032589607774E-1
0.15623682274818307E-1
0.10952032589608123E-1
0.15690456895523577E-1
0.12361901425358864E-1
0.17033240513526560E-1
0.16906739354298265E-1
0.15690456895524188E-1
0.16906739354298438E-1
0.17033240513527257E-1
0.12361901425357993E-1
0.60811966707636275E-2
0.75372530789363235E-2
0.26304789869423307E-2
0.75372530789361491E-2
0.64176403079067804E-2
0.29850241853354824E-2
0.80171303979486783E-2
0.76974019635469310E-2
0.27191664192316753E-2
0.61653992592910663E-2
0.11525633149935223E-2
0.13384640508666353E-2
0.34274813689927665E-2
0.17096673857246178E-2
0.22650414299612287E-2
0.68368464905474496E-2
0.12576289860135334E-1
0.11403268376197609E-1
0.15890335277616859E-1
0.11102718909576911E-1
0.47064796158508532E-1
0.45631449437759646E-1
0.50633718442791645E-1
0.45631449437759555E-1
0.50705194019411398E-1
0.47141454572757875E-1
0.52142360133719819E-1
0.52006979590424912E-1
0.50705194019411919E-1
0.52006979590424912E-1
0.52142360133720082E-1
0.47141454572757265E-1
0.40412324663577061E-1
0.41972872364837613E-1
0.36712713711629284E-1
0.41972872364837092E-1
0.40772940804203316E-1
0.37092912350558109E-1
0.42487117381396870E-1
0.42144494602494663E-1
0.36807819927046771E-1
0.40502578551800048E-1
0.35127664849749878E-1
0.35327058845620471E-1
0.37567358113663796E-1
0.35725190308327409E-1
0.36320815377044090E-1
0.41222242038644864E-1
0.47371043061946540E-1
0.46114767751544022E-1
0.50919139694381527E-1
0.45792852929515626E-1
0.83193262770009199E-1
0.81665560727839176E-1
0.86995632783962232E-1
0.81665560727839176E-1
0.87071761782554116E-1
0.83274957901053950E-1
0.88602310893270822E-1
0.88458148674897832E-1
0.87071761782554727E-1
0.88458148674898276E-1
0.88602310893271349E-1
0.83274957901053256E-1
0.76100018572807265E-1
0.77764611560012187E-1
0.72152187082222166E-1
0.77764611560012090E-1
0.76484712731025237E-1
0.72557994874630660E-1
0.78313056123064231E-1
0.77947652201246553E-1
0.72253701534658876E-1
0.76196300596337280E-1
0.70460128605057223E-1
0.70673005722923232E-1
0.73064365987200869E-1
0.71098040419116992E-1
0.71733867682750835E-1
0.76963984084272574E-1
0.83519625278812668E-1
0.82180733286282212E-1
0.87299631237459360E-1
0.81837606196591597E-1
0.12060149745548980
0.11898132089125649
0.12463223389559039
0.11898132089125631
0.12471290874925020
0.12068812613164580
0.12633462968024370
0.12618189800529914
0.12471290874925089
0.12618189800529941
0.12633462968024406
0.12068812613164510
0.11307543544910498
0.11484238479026092
0.10888295440535897
0.11484238479026065
0.11348382697841679
0.10931403241374200
0.11542444857840334
0.11503665147116632
0.10899079291181989
0.11317765088419640
0.10708523024728545
0.10731142754924133
0.10985189691731125
0.10776303486808074
0.10843855659375047
0.11399258608968837
0.12094756183476831
0.11952772374112368
0.12495437864620816
0.11916380112784700
0.15920611406116658
0.15749660757767361
0.16345695849660746
0.15749660757767370
0.16354200758764287
0.15929750531679285
0.16525139794803231
0.16509043093455411
0.16354200758764392
0.16509043093455456
0.16525139794803312
0.15929750531679224
0.15126099029176390
0.15312726138857918
0.14683058078394812
0.15312726138857891
0.15169238845135913
0.14728626902947353
0.15374191853513527
0.15333241316540908
0.14694457891240637
0.15136896685460130
0.14492986644559783
0.14516905410169165
0.14785479346263411
0.14564656966535719
0.14636077747250040
0.15222976587260573
0.15957119562075942
0.15807319142943632
0.16379656277223459
0.15768917342544689
0.19891477589157672
0.19712040983628581
0.20337415201427572
0.19712040983628598
0.20346333705728986
0.19901068774002603
0.20525555234971929
0.20508681066794174
0.20346333705729056
0.20508681066794165
0.20525555234971973
0.19901068774002506
0.19057045973027237
0.19253159356630248
0.18591219226031958
0.19253159356630239
0.19102384519830143
0.18639148845113668
0.19317734742801240
0.19274713245474329
0.18603209999213205
0.19068394293406271
0.18391258536074490
0.18416425509422926
0.18698941155299084
0.18466665782620079
0.18541800873056186
0.19158856160248378
0.19929790614671303
0.19772567883987846
0.20373026277376519
0.19732256306532467
0.23962643279187493
0.23775303394096678
0.24427938730790602
0.23775303394096686
0.24437240242251515
0.23972655069516241
0.24624123957079841
0.24606531181750338
0.24437240242251584
0.24606531181750366
0.24624123957079874
0.23972655069516136
0.23090908168078517
0.23295914654136826
0.22603650764919331
0.23295914654136826
0.23138309501163112
0.22653805259021292
0.23363401474803189
0.23318441247377839
0.22616198570665072
0.23102773192526063
0.22394359133976371
0.22420704822257015
0.22716366743462307
0.22473294416019404
0.22551933684403566
0.23197344713483375
0.24002635341725004
0.23838503490177501
0.24465078159914297
0.23796412359752281
0.28123158032083473
0.27928632601715153
0.28605981809429992
0.27928632601715142
0.28615629081104149
0.28133551763553233
0.28809421092205911
0.28791181126990989
0.28615629081104244
0.28791181126991022
0.28809421092205956
0.28133551763553122
0.27217365169636720
0.27430523149320779
0.26710385222855315
0.27430523149320751
0.27266659014685923
0.26762592345257247
0.27500674327893315
0.27453940136270444
0.26723447045302268
0.27229704344673766
0.26492472502180370
0.26519908343330612
0.26827706993064887
0.26574669790647359
0.26656546163677985
0.27328044723328349
0.28164674501262438
0.27994264984861988
0.28644500714237531
0.27950554884959494
0.32361254099660564
0.32160391248616532
0.32859456406157805
0.32160391248616532
0.32869405843844124
0.32371984161746675
0.33069225223277510
0.33050421404207014
0.32869405843844224
0.33050421404206998
0.33069225223277587
0.32371984161746536
0.31425261997477943
0.31645684455973966
0.30900615858166242
0.31645684455973927
0.31476244396136283
0.30954667363347504
0.31718205210512240
0.31669893593082155
0.30914139672131735
0.31438024334696596
0.30674942453091048
0.30703360905096561
0.31022074305765279
0.30760078875950608
0.30844868722953073
0.31539725626886722
0.32404112612352570
0.32228170935771999
0.32899180579188114
0.32183031793722994
0.36664376897885020
0.36458146112378376
0.37175512506535019
0.36458146112378431
0.37185714700717765
0.36675391232236282
0.37390564459447639
0.37371290984410588
0.37185714700717887
0.37371290984410599
0.37390564459447728
0.36675391232236226
0.35702619622405707
0.35929281789629852
0.35162696411612127
0.35929281789629808
0.35755054641062950
0.35218349471306376
0.36003832299619437
0.35954169782472090
0.35176621533082802
0.35715746122797332
0.34930267807334547
0.34959542998776305
0.35287744804640292
0.35017965631897746
0.35105290838798042
0.35820336699882616
0.36708369358496651
0.36527747029006402
0.37216244542497484
0.36481396122224052
0.41019218070925578
0.40808696705143427
0.41540582213207877
0.40808696705143427
0.41550982690462357
0.41030458908104883
0.41759765152576384
0.41740125611630075
0.41550982690462424
0.41740125611630091
0.41759765152576422
0.41030458908104783
0.40036647253475655
0.40268399132478405
0.39484141880182644
0.40268399132478316
0.40090269818605800
0.39541121677558583
0.40344598813873606
0.40293839054459246
0.39498399611372143
0.40050071613665561
0.39246098273339280
0.39276087267930915
0.39612161758249814
0.39335928730029907
0.39425360613278310
0.40157021874629617
0.41064113603734170
0.40879756175190907
0.41582104517073770
0.40832435133798006
0.45411751480932033
0.45198106904646396
0.45940426317992239
0.45198106904646396
0.45950966500011031
0.45423156308632195
0.46162502812664663
0.46142608331986962
0.45950966500011137
0.46142608331986945
0.46162502812664735
0.45423156308632057
0.44413757675386539
0.44649341503309004
0.43851632008511776
0.44649341503308970
0.44468277552662783
0.43909635557628396
0.44726774898689170
0.44675194753986591
0.43866146589556737
0.44427407280340808
0.43609232816464039
0.43639777523046414
0.43981941824171245
0.43700721855974695
0.43791787000899046
0.44536137643024620
0.45457300306123982
0.45270231616625850
0.45982504941095165
0.45222202443611337
0.49827272477458662
0.49611740198123144
0.50360183133328429
0.49611740198123161
0.50370801480423866
0.49838775221116899
0.50583854772171022
0.50563821819334387
0.50370801480423999
0.50563821819334409
0.50583854772171066
0.49838775221116793
0.48819587026937106
0.49057659485204186
0.48251019432602532
0.49057659485204130
0.48874693906693595
0.48309720616009394
0.49135883696518695
0.49083778264697847
0.48265709298428860
0.48833384220052456
0.48005622674045212
0.48036552406047922
0.48382885924119445
0.48098258667134047
0.48190446691704381
0.48943275312391449
0.49873210633902137
0.49684513539946301
0.50402572344428198
0.49636053720932571
0.54250440756871976
0.54034299080732195
0.54784419337673251
0.54034299080732129
0.54795052642830200
0.54261973141350006
0.55008354129540027
0.54988302047615711
0.54795052642830311
0.54988302047615678
0.55008354129540116
0.54261973141349873
0.53239020427901473
0.53478179156937533
0.52667344503408109
0.53478179156937455
0.53294390019014237
0.52726400257288109
0.53556732662495887
0.53504409404215558
0.52682123828429173
0.53252884034244663
0.52420381307057307
0.52451515962486139
0.52799996635380853
0.52513624597354547
0.52606397743373723
0.53363288885716587
0.54296495545766998
0.54107289657505553
0.54826866792975559
0.54058686484394669
0.58665326999663048
0.58449869015401956
0.59197182518915836
0.58449869015401978
0.59207767309025072
0.58676820049200795
0.59420044462454735
0.59400092817323447
0.59207767309025139
0.59400092817323391
0.59420044462454802
0.58676820049200695
0.57656224725939820
0.57895038431263901
0.57084858724137721
0.57895038431263857
0.57711525697511923
0.57143916230949632
0.57973451041874546
0.57921223145058665
0.57099639220054832
0.57670071788678690
0.56837803514365126
0.56868957310422752
0.57217503876720721
0.56931097623989246
0.57023901968037272
0.57780329697643451
0.58711222977597177
0.58522640089559819
0.59239434857488260
0.58474184372060389
0.63055463264578371
0.62841967121968978
0.63582054984134584
0.62841967121969033
0.63592528977710105
0.63066848888506954
0.63802534732069394
0.63782800569860665
0.63592528977710205
0.63782800569860698
0.63802534732069516
0.63066848888506843
0.62054689327800638
0.62291730509209442
0.61487058422706009
0.62291730509209364
0.62109590877851095
0.61545763100590167
0.62369534137372673
0.62317713343101255
0.61501751336929544
0.62068437002736421
0.61241395632804363
0.61272381290675071
0.61618900352241202
0.61334179805499633
0.61426457768801346
0.62177888636330669
0.63100928575900950
0.62914086649905121
0.63623863646114842
0.62866066032208934
0.67403896818754416
0.67193595416363927
0.67922208234728443
0.67193595416363994
0.67932511800850492
0.67415109423349873
0.68139053689634821
0.68119648808336875
0.67932511800850603
0.68119648808336819
0.68139053689634954
0.67415109423349839
0.66417275591242919
0.66651154707881632
0.65856729730365970
0.66651154707881555
0.66471455369302979
0.65914733742680387
0.66727894556046652
0.66676783708200260
0.65871247975994485
0.66430843131171358
0.65613918180308561
0.65644551418635355
0.65986987677615527
0.65705640836784196
0.65796844566071366
0.66538846311583510
0.67448669629095181
0.67264646306123022
0.67963335281746950
0.67217338438828422
0.71693246691076473
0.71487297966195740
0.72200457273594365
0.71487297966195718
0.72210534835484452
0.71704224754211032
0.72412502932678746
0.72393531272976608
0.72210534835484463
0.72393531272976608
0.72412502932678824
0.71704224754210943
0.70726274588803539
0.70955674313645478
0.70176005147044695
0.70955674313645412
0.70779426660491762
0.70232976101160438
0.71030920040018919
0.70980805652702883
0.70190265481639569
0.70739585339597311
0.69937441463565120
0.69967545627517114
0.70303933349229952
0.70027574050068364
0.70117179151538256
0.70845530894878639
0.71737081469255815
0.71556888152082465
0.72240680985749861
0.71510553988345293
0.75905761750337675
0.75705220770024428
0.76399313602690200
0.75705220770024384
0.76409114931434874
0.75916449295759381
0.76605507521233407
0.76587062776313430
0.76409114931434918
0.76587062776313430
0.76605507521233440
0.75916449295759336
0.74963472225233485
0.75187180363800798
0.74426430958801815
0.75187180363800798
0.75015314746606288
0.74482060427631958
0.75260536763355645
0.75211681913742001
0.74440356120134754
0.74976455550344734
0.74193413580877432
0.74222824211430838
0.74551337743635304
0.74281464226563010
0.74368983273606970
0.75079782569336084
0.75948435146892501
0.75772992696144459
0.76438433635063596
0.75727870183380930
0.80023378524267341
0.79829172503364132
0.80501035365076756
0.79829172503364132
0.80510516714528158
0.80033726436629926
0.80700462730065792
0.80682626262723922
0.80510516714528213
0.80682626262723889
0.80700462730065903
0.80033726436629860
0.79110219715969066
0.79327159381544843
0.78589043562771677
0.79327159381544810
0.79160501987587417
0.78643055051419530
0.79398276130143097
0.79350913977281323
0.78602564266810315
0.79122812766480421
0.78362738937970500
0.78391308076717880
0.78710309179789528
0.78448265310009280
0.78533260522601855
0.79223022603419668
0.80064694612195431
0.79894811631165097
0.80538877268930309
0.79851110054092644
0.84027776271026344
0.83840683492504120
0.84487672551724613
0.83840683492504109
0.84496797594204642
0.84037743401088127
0.84679575041583144
0.84662414180197887
0.84496797594204642
0.84662414180197942
0.84679575041583155
0.84037743401088083
0.83147506328211207
0.83356762086686120
0.82644451383057393
0.83356762086686087
0.83196014925402828
0.82696607380490650
0.83425342139382253
0.83379670340606604
0.82657508093723209
0.83159655582123437
0.82425863900483098
0.82453463931580440
0.82761543768601098
0.82508484665783244
0.82590579182425028
0.83256324010738536
0.84067570947631531
0.83903925497140730
0.84524091499964604
0.83861820694686706
0.87900425946007232
0.87721059338956520
0.88341104471070619
0.87721059338956608
0.88349845004665528
0.87909979967251717
0.88524894812732402
0.88508461576572461
0.88349845004665684
0.88508461576572417
0.88524894812732402
0.87909979967251628
0.87056030040494126
0.87256868959877443
0.86572917544609074
0.87256868959877343
0.87102593766864878
0.86623025347638194
0.87322675269192485
0.87278851515884226
0.86585461936625541
0.87067692547554099
0.86362864561034314
0.86389391414909233
0.86685405324305354
0.86442268933104127
0.86521156167652646
0.87160479566023119
0.87938570342043298
0.87781695733196119
0.88375988072107869
0.87741326362548933
0.91622628579594179
0.91451424434492512
0.92043065663576029
0.91451424434492534
0.92051402074825028
0.91631746572156814
0.92218337069818257
0.92202667350043799
0.92051402074825117
0.92202667350043888
0.92218337069818324
0.91631746572156725
0.90816260332218712
0.91008147182096799
0.90354436780959024
0.91008147182096699
0.90860753815262452
0.90402352853033352
0.91071007503944101
0.91029146330546828
0.90366432835909982
0.90827404618564311
0.90153529785061370
0.90178905367504736
0.90461998982848035
0.90229484751606925
0.90304935444557899
0.90916061549928595
0.91659031380280787
0.91509306452276962
0.92076335799613129
0.91470771411195329
0.95175537013060929
0.95012749000561403
0.95575154945056584
0.95012749000561447
0.95583076424937752
0.95184205767327090
0.95741685407139354
0.95726798604118091
0.95583076424937852
0.95726798604118135
0.95741685407139421
0.95184205767327024
0.94408485516558482
0.94591091740106481
0.93968798057278213
0.94591091740106403
0.94450831352295594
0.94014430782596525
0.94650901417147260
0.94611072356108372
0.93980222757555187
0.94419092125551107
0.93777430603594192
0.93801604366252189
0.94071230228338798
0.93849785587123102
0.93921652316045334
0.94503465833156375
0.95210145661216672
0.95067789679113446
0.95606768626988148
0.95031146726613602
0.98540152582167340
0.98385850910100714
0.98918819932774604
0.98385850910100769
0.98926324458328319
0.98548368631738537
0.99076571640965971
0.99062470732430785
0.98926324458328407
0.99062470732430841
0.99076571640965982
0.98548368631738481
0.97812834545591076
0.97986041044365191
0.97395621778635078
0.97986041044365169
0.97853003997206267
0.97438932585341187
0.98042763790407461
0.98004990856761132
0.97406465392377717
0.97822896215829092
0.97213964339786674
0.97236913969793681
0.97492838450654018
0.97282653227632565
0.97350872322561555
0.97902930447651226
0.98572953402702601
0.98438025422849929
0.98948769221324262
0.98403290963052448
1.0169728452234315
1.0155135973366267
1.0205530558452938
1.0155135973366267
1.0206239969262274
1.0170505393335654
1.0220442004019838
1.0219109202931964
1.0206239969262281
1.0219109202931964
1.0220442004019845
1.0170505393335647
1.0100925937379948
1.0117315357593464
1.0061435655932085
1.0117315357593468
1.0104727173066255
1.0065535950563913
1.0122682042204798
1.0119108282029357
1.0062462253962841
1.0101878088079965
1.0044235792927272
1.0046408920200507
1.0070639027804511
1.0050739860678832
1.0057198960960259
1.0109451495712714
1.0172830187613420
1.0160070414007623
1.0208361668358568
1.0156785405840172
1.0462745326111587
1.0448962385498004
1.0496554864382286
1.0448962385498008
1.0497224703714914
1.0463479122156565
1.0510633830600102
1.0509375497403719
1.0497224703714927
1.0509375497403730
1.0510633830600096
1.0463479122156558
1.0397745740513915
1.0413232550866818
1.0360421398210609
1.0413232550866824
1.0401337820799601
1.0364297401858782
1.0418303220535650
1.0414926606250625
1.0361391853378930
1.0398645511817095
1.0344160834859824
1.0346215425381338
1.0369121137963209
1.0350310006655428
1.0356416306604155
1.0405802037359972
1.0465674790258304
1.0453623254336641
1.0499228032599468
1.0450520391123699
1.0731070653975707
1.0718052928864195
1.0762998763947020
1.0718052928864190
1.0763631267815830
1.0731763680858246
1.0776292522222639
1.0775104408645531
1.0763631267815843
1.0775104408645524
1.0776292522222637
1.0731763680858237
1.0669670138903309
1.0684301707565200
1.0634400766231020
1.0684301707565200
1.0673063982240576
1.0638063789774432
1.0689092037364289
1.0685902121714328
1.0635317905821089
1.0670520261854350
1.0619032597288531
1.0620974528814735
1.0642622330765192
1.0624844506948146
1.0630615642864161
1.0677281719752938
1.0733837341657604
1.0722455149403205
1.0765522921670752
1.0719524488780516
1.0972629300189043
1.0960317451541028
1.1002823382748690
1.0960317451541033
1.1003421497400676
1.0973284729446733
1.1015394066114139
1.1014270601260541
1.1003421497400683
1.1014270601260545
1.1015394066114137
1.0973284729446726
1.0914551979025346
1.0928393111145271
1.0881183859793235
1.0928393111145265
1.0917762563872018
1.0884649700926334
1.0932924447360253
1.0929907008647719
1.0882051635517718
1.0915356202535165
1.0866642235912001
1.0868479790673293
1.0888962761239824
1.0872141704261731
1.0877602421634376
1.0921752481989455
1.0975245880247673
1.0964481040469534
1.1005210293661820
1.0961709251140987
1.1185208507296946
1.1173529274563636
1.1213849588822644
1.1173529274563645
1.1214416919254007
1.1185830248148201
1.1225773115974418
1.1224707501960318
1.1214416919254007
1.1224707501960314
1.1225773115974418
1.1185830248148210
1.1130111744646356
1.1143243407749692
1.1098451538693426
1.1143243407749699
1.1133157812685435
1.1101740154456270
1.1147542353380320
1.1144679671327025
1.1099274944636355
1.1130874761088279
1.1084653047826079
1.1086396737317221
1.1105832610403896
1.1089871558880087
1.1095053193924291
1.1136943235795180
1.1187690591445123
1.1177478970266495
1.1216113643805998
1.1174849579170754
1.1366351364848561
1.1355218339573059
1.1393652268495604
1.1355218339573063
1.1394193043217469
1.1366944023460470
1.1405017611421837
1.1404001888130697
1.1394193043217469
1.1404001888130693
1.1405017611421844
1.1366944023460461
1.1313829554976207
1.1326347944272976
1.1283646631356308
1.1326347944272972
1.1316733392556428
1.1286781890613211
1.1330446057315127
1.1327717113741762
1.1284431641887320
1.1314556945339971
1.1270491350157326
1.1272153781135565
1.1290683474016900
1.1275466651055754
1.1280406736395066
1.1320342039636726
1.1368717345334129
1.1358983338718891
1.1395810345248625
1.1356476906184507
1.1513140025530135
1.1502453663581707
1.1539345418303533
1.1502453663581707
1.1539864491377010
1.1513708904878570
1.1550254654032501
1.1549279693724062
1.1539864491377010
1.1549279693724066
1.1550254654032504
1.1513708904878563
1.1462724810439149
1.1474741259866672
1.1433751557197684
1.1474741259866665
1.1465512225875787
1.1436761202190948
1.1478675029224243
1.1476055523814619
1.1434505117209532
1.1463423038527856
1.1421123228165868
1.1422719078855301
1.1440506454568273
1.1425899259175807
1.1430641457954009
1.1468976184024902
1.1515411074886037
1.1506067614943165
1.1541416889720508
1.1503661738570126
1.1621660187420910
1.1611305996714516
1.1647051100942261
1.1611305996714516
1.1647554042612065
1.1622211384277286
1.1657621325139740
1.1656676660684375
1.1647554042612069
1.1656676660684373
1.1657621325139749
1.1622211384277290
1.1572812069418559
1.1584455013088104
1.1544739263304704
1.1584455013088109
1.1575512845855334
1.1547655384058975
1.1588266505856042
1.1585728424847068
1.1545469406851394
1.1573488595166388
1.1532503320976479
1.1534049588999566
1.1551284249119333
1.1537130958792559
1.1541725806554057
1.1578869134863226
1.1623860645958259
1.1614807612004729
1.1649058197054674
1.1612476519785586
1.1684670089045199
1.1674509420035335
1.1709586570208281
1.1674509420035339
1.1710080116494965
1.1685210984688357
1.1719959353525020
1.1719032332663286
1.1710080116494967
1.1719032332663279
1.1719959353525025
1.1685210984688363
1.1636735129561453
1.1648160388130191
1.1609187227722384
1.1648160388130191
1.1639385409081826
1.1612048822359438
1.1651900621793021
1.1649409992159618
1.1609903718935679
1.1637399006123523
1.1597180072046966
1.1598697428486942
1.1615609834170761
1.1601721183475919
1.1606230116899949
1.1642678945873146
1.1686829424116396
1.1677945586597878
1.1711556172588968
1.1675658064532992
-0.39582963126811477
-0.39582960218461793
-0.39582960218461793
-0.39582971288880708
-0.39582971139602169
-0.39582974397150134
-0.39582974082458644
-0.39582962989921622
-0.39582950055328914
-0.39582952622821654
-0.39582943112214486
-0.39582952622821654
-0.39582971139602169
-0.39582962989921622
-0.39582974082458644
-0.39582974397150134
-0.39583011139866731
-0.39583006857638980
-0.39583020321554435
-0.39583007713831803
-0.39582994637443836
-0.39582998589508545
-0.39582985740680265
-0.39582997783632234
-0.39583019138670100
-0.39583010017791032
-0.39583022246007393
-0.39583023730156641
-0.39583021032224369
-0.39583024721985677
-0.39583025218653478
-0.39583011814950209
-0.39582258686309346
-0.39582254009382722
-0.39582254009382722
-0.39582271813037717
-0.39582271572942057
-0.39582276812440292
-0.39582276306271691
-0.39582258466170966
-0.39582237667883330
-0.39582241795931583
-0.39582226505574564
-0.39582241795931583
-0.39582271572942057
-0.39582258466170966
-0.39582276306271691
-0.39582276812440292
-0.39582335931255647
-0.39582329039152231
-0.39582350710702374
-0.39582330417123013
-0.39582309374108149
-0.39582315733392759
-0.39582295059944722
-0.39582314436616761
-0.39582348806513951
-0.39582334125259866
-0.39582353808745119
-0.39582356198048924
-0.39582351854747561
-0.39582357794812334
-0.39582358594417816
-0.39582337017829372
-0.39581293270624379
-0.39581286216127964
-0.39581286216127964
-0.39581313072190355
-0.39581312709985195
-0.39581320614416654
-0.39581319850780994
-0.39581292938568929
-0.39581261569740844
-0.39581267795331759
-0.39581244736876992
-0.39581267795331759
-0.39581312709985195
-0.39581292938568929
-0.39581319850780994
-0.39581320614416654
-0.39581409830866177
-0.39581399427249092
-0.39581432142862361
-0.39581401507235503
-0.39581369746865236
-0.39581379344272077
-0.39581348146210488
-0.39581377387133437
-0.39581429267989793
-0.39581407104648936
-0.39581436820290944
-0.39581440427765746
-0.39581433870125904
-0.39581442838677738
-0.39581444045996278
-0.39581411471113298
-0.39579954395434636
-0.39579944102356140
-0.39579944102356140
-0.39579983289859999
-0.39579982761299426
-0.39579994296382437
-0.39579993181970574
-0.39579953910929161
-0.39579908144717668
-0.39579917226989675
-0.39579883589597026
-0.39579917226989675
-0.39579982761299426
-0.39579953910929161
-0.39579993181970574
-0.39579994296382437
-0.39580124530505478
-0.39580109340057174
-0.39580157111880609
-0.39580112376991389
-0.39580066008796494
-0.39580080019455022
-0.39580034478386977
-0.39580077162281990
-0.39580152913553585
-0.39580120549826442
-0.39580163942738222
-0.39580169211187477
-0.39580159634330853
-0.39580172732212909
-0.39580174495466086
-0.39580126925540943
-0.39578123919891367
-0.39578109274905204
-0.39578109274905204
-0.39578165034027757
-0.39578164281892159
-0.39578180696539361
-0.39578179110676948
-0.39578123230524020
-0.39578058119018122
-0.39578071039426382
-0.39578023189266803
-0.39578071039426382
-0.39578164281892159
-0.39578123230524020
-0.39578179110676948
-0.39578180696539361
-0.39578366074751414
-0.39578344447298708
-0.39578412467129931
-0.39578348771037064
-0.39578282761599987
-0.39578302705768920
-0.39578237882181011
-0.39578298638492260
-0.39578406488814794
-0.39578360407116425
-0.39578422194325302
-0.39578429696826045
-0.39578416059087168
-0.39578434711010335
-0.39578437222032525
-0.39578369484813725
-0.39575659322060514
-0.39575638914550304
-0.39575638914550304
-0.39575716618025236
-0.39575715569806053
-0.39575738446670561
-0.39575736236432918
-0.39575658361422633
-0.39575567635917608
-0.39575585637818023
-0.39575518971595386
-0.39575585637818023
-0.39575715569806053
-0.39575658361422633
-0.39575736236432918
-0.39575738446670561
-0.39575996875385300
-0.39575966718710243
-0.39576061569553544
-0.39575972747459870
-0.39575880715741163
-0.39575908520579434
-0.39575818153284492
-0.39575902850130440
-0.39576053232331032
-0.39575988972432086
-0.39576075135172728
-0.39576085598464794
-0.39576066578881536
-0.39576092591570611
-0.39576096093641028
-0.39576001630436952
-0.39572388988279628
-0.39572361056887595
-0.39572361056887595
-0.39572467413703516
-0.39572465978852112
-0.39572497294390468
-0.39572494268797775
-0.39572387673448955
-0.39572263507084621
-0.39572288142779077
-0.39572196913637214
-0.39572288142779077
-0.39572465978852112
-0.39572387673448955
-0.39572494268797775
-0.39572497294390468
-0.39572851141531262
-0.39572809841555096
-0.39572939748926078
-0.39572818097824153
-0.39572692072009469
-0.39572730144963009
-0.39572606412824862
-0.39572722380301917
-0.39572928329371176
-0.39572840318105101
-0.39572958330237129
-0.39572972662504796
-0.39572946610325532
-0.39572982241585053
-0.39572987038730534
-0.39572857653851007
-0.39568108171736854
-0.39568070544389139
-0.39568070544389139
-0.39568213828351811
-0.39568211895192495
-0.39568254087059451
-0.39568250010563322
-0.39568106400453495
-0.39567939141881997
-0.39567972325405321
-0.39567849447588094
-0.39567972325405321
-0.39568211895192495
-0.39568106400453495
-0.39568250010563322
-0.39568254087059451
-0.39568730946780972
-0.39568675278000925
-0.39568850391922661
-0.39568686406496562
-0.39568516551152605
-0.39568567862301812
-0.39568401116867741
-0.39568557397618115
-0.39568834997282781
-0.39568716357455030
-0.39568875441778151
-0.39568894763825174
-0.39568859641848414
-0.39568907678064780
-0.39568914145498862
-0.39568739725093993
-0.39562575024715474
-0.39562525052417158
-0.39562525052417158
-0.39562715354453865
-0.39562712786776238
-0.39562768828219524
-0.39562763413513063
-0.39562572672264518
-0.39562350551648778
-0.39562394617040203
-0.39562231450254826
-0.39562394617040203
-0.39562712786776238
-0.39562572672264518
-0.39562763413513063
-0.39562768828219524
-0.39563402365039008
-0.39563328391666214
-0.39563561097942496
-0.39563343179050825
-0.39563117493951522
-0.39563185666909301
-0.39562964137278861
-0.39563171763077715
-0.39563540638738731
-0.39563382978196948
-0.39563594389376300
-0.39563620069037381
-0.39563573391069340
-0.39563637232758575
-0.39563645828404320
-0.39563414030114091
-0.39555506606605040
-0.39555441090905691
-0.39555441090905691
-0.39555690595483800
-0.39555687228809627
-0.39555760710171467
-0.39555753610312633
-0.39555503522401170
-0.39555212329294698
-0.39555270094444633
-0.39555056207587946
-0.39555270094444633
-0.39555687228809627
-0.39555503522401170
-0.39555753610312633
-0.39555760710171467
-0.39556591583623130
-0.39556494551300558
-0.39556799812439430
-0.39556513947830763
-0.39556217938070715
-0.39556307349549169
-0.39556016819088730
-0.39556289113817306
-0.39556772972458976
-0.39556566153072475
-0.39556843487509485
-0.39556877177337552
-0.39556815939695661
-0.39556899695195036
-0.39556910972304582
-0.39556606885355750
-0.39546574845789917
-0.39546489959601044
-0.39546489959601044
-0.39546813246465795
-0.39546808883974144
-0.39546904101650132
-0.39546894901464441
-0.39546570849649071
-0.39546193581329070
-0.39546268417686870
-0.39545991330870689
-0.39546268417686870
-0.39546808883974144
-0.39546570849649071
-0.39546894901464441
-0.39546904101650132
-0.39547980975289948
-0.39547855192956399
-0.39548250920097344
-0.39547880336091645
-0.39547496652144198
-0.39547612540598803
-0.39547235994162261
-0.39547588904423353
-0.39548216123659563
-0.39547948009292777
-0.39548307543165045
-0.39548351221541012
-0.39548271828336479
-0.39548380416004797
-0.39548395036924633
-0.39548000811339379
-0.39535402440940454
-0.39535293642163910
-0.39535293642163910
-0.39535708015444265
-0.39535702423527547
-0.39535824476980624
-0.39535812683685739
-0.39535397319013055
-0.39534913796845872
-0.39535009705472202
-0.39534654608549075
-0.39535009705472202
-0.39535702423527547
-0.39535397319013055
-0.39535812683685739
-0.39535824476980624
-0.39537205118314966
-0.39537043829465129
-0.39537551287653577
-0.39537076069596361
-0.39536584115001933
-0.39536732699056970
-0.39536249938411794
-0.39536702393945328
-0.39537506663945438
-0.39537162845839857
-0.39537623903431440
-0.39537679919351570
-0.39537578101086951
-0.39537717360647584
-0.39537736111814642
-0.39537230554413283
-0.39521558675786472
-0.39521420612939318
-0.39521420612939318
-0.39521946460709295
-0.39521939364118824
-0.39522094261850255
-0.39522079294815377
-0.39521552176114028
-0.39520938626311458
-0.39521060321001755
-0.39520609765890435
-0.39521060321001755
-0.39521939364118824
-0.39521552176114028
-0.39522079294815377
-0.39522094261850255
-0.39523846743146429
-0.39523641985346936
-0.39524286235722206
-0.39523682913873620
-0.39523058417046802
-0.39523247024768554
-0.39522634248742600
-0.39523208555908584
-0.39524229579891967
-0.39523793077043429
-0.39524378432594970
-0.39524449554524765
-0.39524320279298991
-0.39524497093292843
-0.39524520901591248
-0.39523879035258597
-0.39504555101959221
-0.39504381510635134
-0.39504381510635134
-0.39505042699329512
-0.39505033775851528
-0.39505228551615057
-0.39505209731131019
-0.39504546929599688
-0.39503775523184226
-0.39503928521696763
-0.39503362084667903
-0.39503928521696763
-0.39505033775851528
-0.39504546929599688
-0.39505209731131019
-0.39505228551615057
-0.39507432565833939
-0.39507175016861246
-0.39507985400872964
-0.39507226496944031
-0.39506441042071505
-0.39506678252615474
-0.39505907596981710
-0.39506629869982851
-0.39507914131435462
-0.39507365062505090
-0.39508101380217869
-0.39508190849571101
-0.39508028225875846
-0.39508250652613153
-0.39508280603278262
-0.39507473184426017
-0.39483841020032201
-0.39483624608608270
-0.39483624608608259
-0.39484448918329734
-0.39484437792910826
-0.39484680633936475
-0.39484657168826182
-0.39483830831679412
-0.39482869176552293
-0.39483059901356965
-0.39482353810018506
-0.39483059901356965
-0.39484437792910826
-0.39483830831679412
-0.39484657168826182
-0.39484680633936475
-0.39487428945384007
-0.39487107753731493
-0.39488118426439051
-0.39487171954171629
-0.39486192464275777
-0.39486488264009062
-0.39485527294251593
-0.39486427930524187
-0.39488029538376057
-0.39487344760359822
-0.39488263078946739
-0.39488374668960863
-0.39488171838665537
-0.39488449258594194
-0.39488486614921492
-0.39487479602153835
-0.39458798660516758
-0.39458530982982687
-0.39458530982982687
-0.39459550591756681
-0.39459536829970437
-0.39459837219556260
-0.39459808193397738
-0.39458786058513939
-0.39457596634149544
-0.39457832524585734
-0.39456959242556211
-0.39457832524585734
-0.39459536829970437
-0.39458786058513939
-0.39459808193397738
-0.39459837219556260
-0.39463237275452046
-0.39462839872191163
-0.39464090394091544
-0.39462919305040284
-0.39461707467945162
-0.39462073423853494
-0.39460884571648924
-0.39461998780015833
-0.39463980406821469
-0.39463133114085003
-0.39464269384429507
-0.39464407465470885
-0.39464156485116753
-0.39464499763176453
-0.39464545988380684
-0.39463299952996767
-0.39428737934575803
-0.39428409247714641
-0.39428409247714641
-0.39429661275209793
-0.39429644375923412
-0.39430013253474905
-0.39429977609140027
-0.39428722460193022
-0.39427261982591727
-0.39427551620898738
-0.39426479381020946
-0.39427551620898738
-0.39429644375923412
-0.39428722460193022
-0.39429977609140027
-0.39430013253474905
-0.39434188990684504
-0.39433700878735750
-0.39435236878479235
-0.39433798441425649
-0.39432310066511106
-0.39432759520564137
-0.39431299451996837
-0.39432667844815716
-0.39435101777615272
-0.39434061052927216
-0.39435456740054159
-0.39435626352706027
-0.39435318060648999
-0.39435739727974922
-0.39435796509651388
-0.39434265975725646
-0.39392890588481666
-0.39392489689844301
-0.39392489689844301
-0.39394016814063182
-0.39393996201122572
-0.39394446143595019
-0.39394402665721867
-0.39392871714289823
-0.39391090415313146
-0.39391443669695708
-0.39390135944050192
-0.39391443669695708
-0.39393996201122572
-0.39392871714289823
-0.39394402665721867
-0.39394446143595019
-0.39399540034526126
-0.39398944550269732
-0.39400818474152183
-0.39399063573277088
-0.39397247863453311
-0.39397796152648140
-0.39396015052765887
-0.39397684316504844
-0.39400653645659073
-0.39399383952467065
-0.39401086716229800
-0.39401293653902436
-0.39400917520140905
-0.39401431979442186
-0.39401501257211646
-0.39399633955490099
-0.39350403555860741
-0.39349917598023493
-0.39349917598023493
-0.39351768762087308
-0.39351743774790626
-0.39352289204549445
-0.39352236499464588
-0.39350380676990038
-0.39348221477948347
-0.39348649666686247
-0.39347064558519651
-0.39348649666686247
-0.39351743774790626
-0.39350380676990038
-0.39352236499464588
-0.39352289204549445
-0.39358464598015708
-0.39357742638811072
-0.39360014607197541
-0.39357886940144493
-0.39355685659301620
-0.39356350367371168
-0.39354191121558374
-0.39356214784102389
-0.39359814762183931
-0.39358275364489398
-0.39360339837245184
-0.39360590740515389
-0.39360134695189408
-0.39360758455289568
-0.39360842452364264
-0.39358578467981759
-0.39300331256636034
-0.39299745532072128
-0.39299745532072128
-0.39301976762619389
-0.39301946644689884
-0.39302604070091479
-0.39302540542573755
-0.39300303680652338
-0.39297701234845384
-0.39298217316486639
-0.39296306855345425
-0.39298217316486639
-0.39301946644689884
-0.39300303680652338
-0.39302540542573755
-0.39302604070091479
-0.39310047897260064
-0.39309177606794388
-0.39311916402794944
-0.39309351554921146
-0.39306698066045859
-0.39307499314353667
-0.39304896561992092
-0.39307335879678218
-0.39311675490726483
-0.39309819783416838
-0.39312308467646118
-0.39312610933098563
-0.39312061168618107
-0.39312813115050943
-0.39312914374648084
-0.39310185163547240
-0.39241626539947461
-0.39240924229429291
-0.39240924229429291
-0.39243599593513318
-0.39243563480210375
-0.39244351776775943
-0.39244275602902146
-0.39241593475013409
-0.39238473047610500
-0.39239091843545626
-0.39236801160232282
-0.39239091843545626
-0.39243563480210375
-0.39241593475013409
-0.39244275602902146
-0.39244351776775943
-0.39253277709746687
-0.39252234111127943
-0.39255518333128120
-0.39252442698359274
-0.39249260841347816
-0.39250221628360338
-0.39247100658148670
-0.39250025651245884
-0.39255229440697226
-0.39253004168942646
-0.39255988483460935
-0.39256351190490885
-0.39255691931001468
-0.39256593641264020
-0.39256715069023074
-0.39253442311726722
-0.39173129908349924
-0.39172291784063068
-0.39172291784063068
-0.39175484518018816
-0.39175441420937596
-0.39176382162918583
-0.39176291258045337
-0.39173090449256243
-0.39169366595147548
-0.39170105052408466
-0.39167371404633244
-0.39170105052408466
-0.39175441420937596
-0.39173090449256243
-0.39176291258045337
-0.39176382162918583
-0.39187034334833376
-0.39185788898889573
-0.39189708316219335
-0.39186037827734693
-0.39182240598389539
-0.39183387199405456
-0.39179662648238622
-0.39183153320592623
-0.39189363548436429
-0.39186707889559036
-0.39190269399930805
-0.39190702259807758
-0.39189915490174132
-0.39190991604326458
-0.39191136518166586
-0.39187230771942494
-0.39093556589884537
-0.39092560662289605
-0.39092560662289605
-0.39096354514171805
-0.39096303303172925
-0.39097421157683754
-0.39097313138390877
-0.39093509701435902
-0.39089084692103088
-0.39089962196142020
-0.39086713808639822
-0.39089962196142020
-0.39096303303172925
-0.39093509701435902
-0.39097313138390877
-0.39097421157683754
-0.39110078579570429
-0.39108598712799314
-0.39113255873270997
-0.39108894498402641
-0.39104382480813399
-0.39105744922448676
-0.39101319230553788
-0.39105467017747053
-0.39112846212517149
-0.39109690687347137
-0.39113922564669545
-0.39114436897192745
-0.39113502041804904
-0.39114780701671603
-0.39114952890870563
-0.39110311991967378
-0.39001480940285144
-0.39000302035101725
-0.39000302035101725
-0.39004792872388155
-0.39004732253963392
-0.39006055452805583
-0.39005927591341488
-0.39001425437400133
-0.38996187375952540
-0.38997226125530832
-0.38993380799585292
-0.38997226125530832
-0.39004732253963392
-0.39001425437400133
-0.39005927591341488
-0.39006055452805583
-0.39021037294936517
-0.39019285727817232
-0.39024797877541900
-0.39019635820340998
-0.39014295313358377
-0.39015907940775496
-0.39010669504402329
-0.39015579005468326
-0.39024313015303175
-0.39020578188133193
-0.39025586950935931
-0.39026195695287547
-0.39025089234674754
-0.39026602608072203
-0.39026806403773540
-0.39021313559841431
-0.38895317556273190
-0.38893926804643270
-0.38893926804643270
-0.38899224551465261
-0.38899153042676893
-0.38900713950648569
-0.38900563120064624
-0.38895252080001713
-0.38889072628691435
-0.38890298087969122
-0.38885761524277168
-0.38890298087969122
-0.38899153042676893
-0.38895252080001713
-0.38900563120064624
-0.38900713950648569
-0.38918385896679802
-0.38916319948425221
-0.38922821338806773
-0.38916732880167670
-0.38910433644406683
-0.38912335803612336
-0.38906156752409371
-0.38911947813424080
-0.38922249473546722
-0.38917844389990885
-0.38923751997120282
-0.38924469965102093
-0.38923164975466124
-0.38924949885808602
-0.38925190245691438
-0.38918711744156398
-0.38773298359029157
-0.38771662579781346
-0.38771662579781346
-0.38777893563613081
-0.38777809460534524
-0.38779645263592527
-0.38779467871311979
-0.38773221347496561
-0.38765952973520895
-0.38767394420133139
-0.38762058185201337
-0.38767394420133139
-0.38777809460534524
-0.38773221347496556
-0.38779467871311979
-0.38779645263592527
-0.38800427196127252
-0.38797997886197977
-0.38805642561007425
-0.38798483449391108
-0.38791075983450507
-0.38793312846379785
-0.38786046354957127
-0.38792856589362956
-0.38804970154064150
-0.38799790453946897
-0.38806736832602740
-0.38807581014404047
-0.38806046611613909
-0.38808145298129526
-0.38808427908630438
-0.38800810348976128
-0.38633444761186803
-0.38631525708975617
-0.38631525708975617
-0.38638835516208508
-0.38638736855532685
-0.38640890397861849
-0.38640682304880775
-0.38633354414231919
-0.38624827036596526
-0.38626518229103929
-0.38620257278252795
-0.38626518229103929
-0.38638736855532685
-0.38633354414231919
-0.38640682304880780
-0.38640890397861849
-0.38665265736652382
-0.38662416706209701
-0.38671381883970984
-0.38662986168871744
-0.38654298401424142
-0.38656921968226621
-0.38648398989510641
-0.38656386840561430
-0.38670593363418926
-0.38664518990711810
-0.38672665104018872
-0.38673655039095001
-0.38671855704261504
-0.38674316744095594
-0.38674648144383517
-0.38665715080205609
-0.38473533858983144
-0.38471287305713531
-0.38471287305713531
-0.38479844269640739
-0.38479728781800060
-0.38482249587871920
-0.38482006010111752
-0.38473428094958606
-0.38463444986686585
-0.38465424980478391
-0.38458094629355433
-0.38465424980478391
-0.38479728781800066
-0.38473428094958606
-0.38482006010111758
-0.38482249587871920
-0.38510776679113989
-0.38507442876778297
-0.38517933071230209
-0.38508109245761923
-0.38497942502983368
-0.38501012824192465
-0.38491038105145214
-0.38500386581210555
-0.38517010471247709
-0.38509902884445057
-0.38519434467862484
-0.38520592696500366
-0.38518487454796413
-0.38521366885731595
-0.38521754618637044
-0.38511302468105774
-0.38291057394503597
-0.38288432003681339
-0.38288432003681344
-0.38298431477835237
-0.38298296529583148
-0.38301242055863605
-0.38300957443368083
-0.38290933797341564
-0.38279266562528191
-0.38281580710208357
-0.38273012920847899
-0.38281580710208363
-0.38298296529583148
-0.38290933797341564
-0.38300957443368083
-0.38301242055863605
-0.38334568105242223
-0.38330674180783603
-0.38342926235737862
-0.38331452523313181
-0.38319576597973382
-0.38323163269320498
-0.38311510476627725
-0.38322431721013200
-0.38341848756098479
-0.38333547519722327
-0.38344679645963220
-0.38346032260761442
-0.38343573678511372
-0.38346936370112022
-0.38347389166430401
-0.38335182216617575
-0.38083172018774497
-0.38080107963144466
-0.38080107963144472
-0.38091777568061558
-0.38091620091995171
-0.38095057263203996
-0.38094725151885495
-0.38083027772985184
-0.38069410176656948
-0.38072111357243715
-0.38062110173827796
-0.38072111357243715
-0.38091620091995171
-0.38083027772985184
-0.38094725151885500
-0.38095057263203996
-0.38133935417848885
-0.38129393754612123
-0.38143683009594903
-0.38130301592173499
-0.38116448701125050
-0.38120632695797485
-0.38107038439756696
-0.38119779333619475
-0.38142426476410085
-0.38132745087229053
-0.38145727755624687
-0.38147305076474752
-0.38144438033604783
-0.38148359365433160
-0.38148887369476669
-0.38134651660387331
-0.37846639174860264
-0.37843066437026607
-0.37843066437026607
-0.37856672508916234
-0.37856488916878678
-0.37860496013488371
-0.37860108842992463
-0.37846470985629216
-0.37830591366621585
-0.37833741497428292
-0.37822077431427348
-0.37833741497428292
-0.37856488916878678
-0.37846470985629210
-0.37860108842992463
-0.37860496013488371
-0.37905806327569891
-0.37900514629652837
-0.37917162478914707
-0.37901572421061641
-0.37885429792254816
-0.37890305709264355
-0.37874462208757043
-0.37889311248221613
-0.37915698683730098
-0.37904419454022481
-0.37919544442080738
-0.37921381843264873
-0.37918042029058241
-0.37922609947112618
-0.37923224993063531
-0.37906640821523913
-0.37577752754452659
-0.37573589038724248
-0.37573589038724248
-0.37589444551918894
-0.37589230628637826
-0.37593899604976411
-0.37593448495010562
-0.37577556749464724
-0.37559048695335867
-0.37562720590617149
-0.37549123717014504
-0.37562720590617149
-0.37589230628637832
-0.37577556749464719
-0.37593448495010562
-0.37593899604976405
-0.37646674763549737
-0.37640513097749728
-0.37659896255278963
-0.37641744831430507
-0.37622945612267683
-0.37628624434577734
-0.37610170517059183
-0.37627466251539399
-0.37658192145261032
-0.37645059931586150
-0.37662669191814546
-0.37664808115291371
-0.37660920185466318
-0.37666237721557816
-0.37666953671997477
-0.37647646406013535
-0.37272252646350451
-0.37267400819394103
-0.37267400819394103
-0.37285875094956700
-0.37285625867731154
-0.37291065191927492
-0.37290539668253797
-0.37272024255466696
-0.37250455170941599
-0.37254734820843516
-0.37238886312075731
-0.37254734820843516
-0.37285625867731159
-0.37272024255466690
-0.37290539668253803
-0.37291065191927492
-0.37352522000010541
-0.37345349177284537
-0.37367911008313642
-0.37346783095849395
-0.37324895227822830
-0.37331507698089716
-0.37310017782211641
-0.37330159144369007
-0.37365927696077372
-0.37350642229622860
-0.37371138158071737
-0.37373627352260758
-0.37369102675860544
-0.37375291027672786
-0.37376124187411536
-0.37353653034137757
-0.36925222546345815
-0.36919567517745100
-0.36919567517745100
-0.36941098055494664
-0.36940807635403033
-0.36947145749834892
-0.36946533410407834
-0.36924956354953892
-0.36899813526866504
-0.36904802875817772
-0.36886324679494370
-0.36904802875817772
-0.36940807635403039
-0.36924956354953892
-0.36946533410407845
-0.36947145749834892
-0.37018723480140103
-0.37010372651020063
-0.37036636963086567
-0.37012042133291539
-0.36986554806700123
-0.36994255537839954
-0.36969226216101020
-0.36992685102177558
-0.37034328521833476
-0.37016535074315227
-0.37040393006964478
-0.37043290033968229
-0.37038023951961785
-0.37045226230555123
-0.37046195850104735
-0.37020040187958236
-0.36530971208228630
-0.36524376166343769
-0.36524376166343775
-0.36549482922026111
-0.36549144312322990
-0.36556533809067626
-0.36555819921191485
-0.36530660780285495
-0.36501334562357757
-0.36507154861741559
-0.36485597244774243
-0.36507154861741564
-0.36549144312322995
-0.36530660780285490
-0.36555819921191490
-0.36556533809067626
-0.36639940467162097
-0.36630213808503842
-0.36660801486807715
-0.36632158433517265
-0.36602465746596391
-0.36611438180921868
-0.36582272031936774
-0.36609608479691907
-0.36658113497068090
-0.36637391621659915
-0.36665174907674086
-0.36668547961161307
-0.36662416479976484
-0.36670802229715038
-0.36671931112519868
-0.36641474005293745
-0.36082898141517611
-0.36075200087144854
-0.36075200087144860
-0.36104502415376399
-0.36104107284072201
-0.36112729861141901
-0.36111896883276184
-0.36082535809570698
-0.36048299674021356
-0.36055095458793740
-0.36029922235408923
-0.36055095458793746
-0.36104107284072207
-0.36082535809570693
-0.36111896883276190
-0.36112729861141896
-0.36209997134212774
-0.36198659535914862
-0.36234308311829977
-0.36200926347128137
-0.36166307893464356
-0.36176770193322766
-0.36142756555852695
-0.36174636771012786
-0.36231176134248555
-0.36207026285621047
-0.36239404200611092
-0.36243334266546956
-0.36236190128066426
-0.36245960698975327
-0.36247275923195893
-0.36211784526951274
-0.35573348324920256
-0.35564352915593722
-0.35564352915593722
-0.35598589135761521
-0.35598127552854070
-0.35608199741638241
-0.35607226770716532
-0.35572924947685841
-0.35532912470012407
-0.35540856144234462
-0.35511427648312022
-0.35540856144234462
-0.35598127552854075
-0.35572924947685841
-0.35607226770716538
-0.35608199741638236
-0.35721746613103550
-0.35708518358768032
-0.35750105737176879
-0.35711163329521634
-0.35670761706899629
-0.35682973576809829
-0.35643266292352793
-0.35680483516627254
-0.35746452508307153
-0.35718280523394175
-0.35756049049352939
-0.35760632413888643
-0.35752300534239378
-0.35763695317470356
-0.35765229073863980
-0.35723831903977571
-0.34993466854617455
-0.34982942717920912
-0.34982942717920917
-0.35022991714328428
-0.35022451861372644
-0.35034231359100426
-0.35033093519276104
-0.34992971549510343
-0.34946151052056784
-0.34955447935017836
-0.34921002297057047
-0.34955447935017842
-0.35022451861372655
-0.34992971549510338
-0.35033093519276115
-0.35034231359100426
-0.35166934728723942
-0.35151483344321133
-0.35200052158893474
-0.35154573009351359
-0.35107368809506984
-0.35121639075712063
-0.35075231781861016
-0.35118729455459857
-0.35195786554732655
-0.35162886351444317
-0.35206991349401046
-0.35212342399042407
-0.35202614776361923
-0.35215918166221821
-0.35217708694005861
-0.35169370263558775
-0.34333074897443550
-0.34320747836139348
-0.34320747836139348
-0.34367651110481628
-0.34367018983336695
-0.34380811138821982
-0.34379478955005432
-0.34332494767842675
-0.34277643543832137
-0.34288536987007268
-0.34248171180452885
-0.34288536987007262
-0.34367018983336706
-0.34332494767842670
-0.34379478955005444
-0.34380811138821982
-0.34536078775013823
-0.34518010551626305
-0.34574795589696428
-0.34521623702658155
-0.34466409582993729
-0.34483104036617129
-0.34428804648785027
-0.34479700329828650
-0.34569809490043640
-0.34531345034769617
-0.34582906411275210
-0.34589160560857352
-0.34577790951866155
-0.34593339625296504
-0.34595432191459435
-0.34538926537603709
-0.33580604011243809
-0.33566151951881729
-0.33566151951881729
-0.33621132932856990
-0.33620392079860423
-0.33636555615702407
-0.33634994459989509
-0.33579923908382769
-0.33515605883848615
-0.33528381678985852
-0.33481035259367925
-0.33528381678985852
-0.33620392079860434
-0.33579923908382769
-0.33634994459989515
-0.33636555615702407
-0.33818391823178173
-0.33797244067959115
-0.33863696507858199
-0.33801473301243079
-0.33736830454045369
-0.33756378938615916
-0.33692786689224841
-0.33752393567566447
-0.33857862840975644
-0.33812851582969183
-0.33873185520867549
-0.33880501923059092
-0.33867200919392165
-0.33885390571644181
-0.33887838378710761
-0.33821724658946811
-0.32723146504964618
-0.32706196646624297
-0.32706196646624303
-0.32770671779363331
-0.32769803147579929
-0.32788753540973847
-0.32786923303708837
-0.32722348892725178
-0.32646902304778197
-0.32661891057244780
-0.32606337555617820
-0.32661891057244780
-0.32769803147579940
-0.32722348892725173
-0.32786923303708843
-0.32788753540973847
-0.33001800812128740
-0.32977036678455651
-0.33054840605575009
-0.32981989422106628
-0.32906272237778517
-0.32929173203666212
-0.32854664099611225
-0.32924504604899713
-0.33048011866829241
-0.32995313511071123
-0.33065947600217577
-0.33074511023779385
-0.33058942644241279
-0.33080232656754160
-0.33083097475285650
-0.33005703250314017
-0.31746700507062142
-0.31726830804308204
-0.31726830804308209
-0.31802404370994225
-0.31801386367722811
-0.31823594559342427
-0.31821449769185189
-0.31745765529804737
-0.31657310221654400
-0.31674885761590621
-0.31609738925682462
-0.31674885761590627
-0.31801386367722823
-0.31745765529804726
-0.31821449769185206
-0.31823594559342422
-0.32073126149336900
-0.32044134850385769
-0.32135207138794841
-0.32049933308383849
-0.31961270967378230
-0.31988090823032744
-0.31900820298089561
-0.31982623567748236
-0.32127215336598919
-0.32065531842590350
-0.32148205249170153
-0.32158226188891476
-0.32140007693826561
-0.32164921403943891
-0.32168273617831722
-0.32077694384427752
-0.30636696861817925
-0.30613444376936388
-0.30613444376936388
-0.30701877435388963
-0.30700686333880001
-0.30726669955247465
-0.30724160619253388
-0.30635602734422024
-0.30532078390542272
-0.30552649964726092
-0.30476393229707788
-0.30552649964726092
-0.30700686333880006
-0.30635602734422018
-0.30724160619253399
-0.30726669955247465
-0.31018502415522081
-0.30984608355013810
-0.31091070877720339
-0.30991387659618297
-0.30887713559784413
-0.30919077503543257
-0.30817011107271314
-0.30912684147694469
-0.31081729867646607
-0.31009624140301417
-0.31106262828171566
-0.31117974646928465
-0.31096681757348177
-0.31125799347139937
-0.31129717011508312
-0.31023842892822501
-0.29378866657936675
-0.29351744755586284
-0.29351744755586284
-0.29454890596161382
-0.29453501389579384
-0.29483806229571075
-0.29480879614302458
-0.29377590471308268
-0.29256834425752987
-0.29280830985789763
-0.29191876336196637
-0.29280830985789769
-0.29453501389579395
-0.29377590471308263
-0.29480879614302474
-0.29483806229571075
-0.29824105077889312
-0.29784589111794457
-0.29908703116024077
-0.29792493043324675
-0.29671611761551564
-0.29708183184416470
-0.29589164689790498
-0.29700728443439783
-0.29897814222585745
-0.29813754389483210
-0.29926412133960367
-0.29940064104483799
-0.29915243683220366
-0.29949184872449852
-0.29953751404476064
-0.29830331174873070
-0.27960414323983374
-0.27928938336813242
-0.27928938336813247
-0.28048645563914926
-0.28047033258107668
-0.28082205141296263
-0.28078808481310003
-0.27958933249854756
-0.27818795747042885
-0.27846642849582343
-0.27743416920012842
-0.27846642849582354
-0.28047033258107690
-0.27958933249854756
-0.28078808481310025
-0.28082205141296257
-0.28477181103993005
-0.28431314632111149
-0.28575374756736655
-0.28440488774269868
-0.28300182130283191
-0.28342630217933829
-0.28204488019035878
-0.28333977549220440
-0.28562735942105177
-0.28465166974455464
-0.28595929715129559
-0.28611775612054913
-0.28582966434022083
-0.28622362110619715
-0.28627662491503997
-0.28484407788306454
-0.26371296188608434
-0.26335012928613893
-0.26335012928613893
-0.26473013265459611
-0.26471154389080853
-0.26511706242243366
-0.26507789919676744
-0.26369588868067007
-0.26208064451611557
-0.26240158154583187
-0.26121198952267921
-0.26240158154583193
-0.26471154389080870
-0.26369588868067001
-0.26507789919676766
-0.26511706242243382
-0.26967247970992753
-0.26914335245062876
-0.27080537052626341
-0.26924918513363894
-0.26763075579881851
-0.26812035884421997
-0.26652711562910036
-0.26802055518223655
-0.27065954487341654
-0.26953387859967087
-0.27104253674914980
-0.27122537305262678
-0.27089296377057637
-0.27134752620324776
-0.27140868563166221
-0.26975585145144154
-0.24605229550035623
-0.24563741639869177
-0.24563741639869177
-0.24721556376822867
-0.24719430259364064
-0.24765814123542940
-0.24761334380820479
-0.24603277242763832
-0.24418611509692226
-0.24455297478408902
-0.24319331008241560
-0.24455297478408905
-0.24719430259364081
-0.24603277242763810
-0.24761334380820496
-0.24765814123542926
-0.25287159789736263
-0.25226577252837662
-0.25416892753478765
-0.25238694048778809
-0.25053429829473428
-0.25109468669187435
-0.24927131817762857
-0.25098044887487392
-0.25400191841671177
-0.25271289976212807
-0.25444055642321023
-0.25464996957738117
-0.25426924745030621
-0.25478988303926231
-0.25485993595530915
-0.25296706067204472
-0.22660010503682490
-0.22612985603119487
-0.22612985603119493
-0.22791888554885820
-0.22789477860684029
-0.22842073025933765
-0.22836993131360811
-0.22657797530346482
-0.22448525291104404
-0.22490091800394282
-0.22336056539650986
-0.22490091800394282
-0.22789477860684049
-0.22657797530346468
-0.22836993131360842
-0.22842073025933751
-0.23433646688413701
-0.23364864772832616
-0.23580971578838655
-0.23378620681219339
-0.23168338740442923
-0.23231934973180801
-0.23025040179718906
-0.23218969876183787
-0.23562003451307059
-0.23415628049493345
-0.23611823543799867
-0.23635610318656233
-0.23592365814919627
-0.23651503433861371
-0.23659461114527652
-0.23444485894111280
-0.20536921038738778
-0.20484081352851491
-0.20484081352851505
-0.20685136710249435
-0.20682426965888956
-0.20741550047331567
-0.20735839343418208
-0.20534434295863285
-0.20299329885812445
-0.20346018284299541
-0.20173024952864560
-0.20346018284299558
-0.20682426965888986
-0.20534434295863269
-0.20735839343418241
-0.20741550047331556
-0.21407040210170816
-0.21329617549692431
-0.21572914038278879
-0.21345100567661640
-0.21108470364355855
-0.21180023114806690
-0.20947282081133944
-0.21165435106711314
-0.21551554577440291
-0.21386756791375514
-0.21607657534839669
-0.21634446351314543
-0.21585745206388818
-0.21652346094455960
-0.21661308739079554
-0.21419242210845921
-0.18239405961801489
-0.18180503011944180
-0.18180503011944177
-0.18404660299463396
-0.18401638633309056
-0.18467570946401934
-0.18461202217365646
-0.18236633738663252
-0.17974597359031602
-0.18026624911502290
-0.17833871221570829
-0.18026624911502309
-0.18401638633309070
-0.18236633738663244
-0.18461202217365660
-0.18467570946401940
-0.19210217841628405
-0.19123770031031112
-0.19395471348146937
-0.19141056865573486
-0.18876914885207119
-0.18956774020218276
-0.18697054700507679
-0.18940491635688175
-0.19371613018914835
-0.19187568733215621
-0.19434281655479924
-0.19464207970150466
-0.19409804128537073
-0.19484205001400121
-0.19494218050405152
-0.19223843411837008
-0.15771554218162956
-0.15706341747663718
-0.15706341747663738
-0.15954539675187585
-0.15951193404757064
-0.16024211859516826
-0.16017158340715376
-0.15768484918323314
-0.15478423354302670
-0.15536006664364568
-0.15322691260287477
-0.15536006664364585
-0.15951193404757094
-0.15768484918323300
-0.16017158340715443
-0.16024211859516815
-0.16847162411866706
-0.16751320309834314
-0.17052589431008958
-0.16770484713545578
-0.16477707378525278
-0.16566211850216275
-0.16278414149925077
-0.16548165929547015
-0.17026129777904328
-0.16822050821928278
-0.17095633356045739
-0.17128825914612772
-0.17068485405358605
-0.17151006323018067
-0.17162112901705867
-0.16862269807994926
-0.13136996646282847
-0.13065215967759952
-0.13065215967759955
-0.13338440675620949
-0.13334756478139739
-0.13415151946774184
-0.13407385525965462
-0.13133618087416135
-0.12814383295556531
-0.12877749738174868
-0.12643031774883501
-0.12877749738174868
-0.13334756478139784
-0.13133618087416091
-0.13407385525965509
-0.13415151946774176
-0.14321703104428898
-0.14216081293555233
-0.14548130727219050
-0.14237200308594117
-0.13914612140125387
-0.14012116931568916
-0.13695087796675376
-0.13992235067862557
-0.14518963147263322
-0.14294028019706437
-0.14595581731486607
-0.14632174330768041
-0.14565653948222104
-0.14656627540611281
-0.14668872432081628
-0.14338353107114829
-0.10338611523026467
-0.10259998261984371
-0.10259998261984406
-0.10559260978380074
-0.10555225132014412
-0.10643297557730867
-0.10634789213470514
-0.10334911240370523
-0.99853352298658646E-1
-0.10054715052224830
-0.97977458607315340E-1
-0.10054715052224844
-0.10555225132014442
-0.10334911240370497
-0.10634789213470562
-0.10643297557730846
-0.11636894873330075
-0.11521086798323013
-0.11885198243004599
-0.11544241623964510
-0.11190607734905758
-0.11297484828004685
-0.10950019258713851
-0.11275691077931076
-0.11853209747741417
-0.11606549659095131
-0.11937240291730977
-0.11977374923555895
-0.11904416625806725
-0.12004195880234464
-0.12017626645476764
-0.11655151672875347
-0.73790362095636192E-1
-0.72933465252426041E-1
-0.72933465252426347E-1
-0.76195860682102656E-1
-0.76151857239756995E-1
-0.77112166432698720E-1
-0.77019390737459656E-1
-0.73750026806591401E-1
-0.69940172763059097E-1
-0.70696192157779822E-1
-0.67896340014555051E-1
-0.70696192157779822E-1
-0.76151857239757467E-1
-0.73750026806591262E-1
-0.77019390737460225E-1
-0.77112166432698595E-1
-0.87951888569104172E-1
-0.86687932344215402E-1
-0.90662388612723716E-1
-0.86940638458294014E-1
-0.83081774861876151E-1
-0.84247882092581342E-1
-0.80457228013227744E-1
-0.84010086491961178E-1
-0.90313164801444981E-1
-0.87620680548957192E-1
-0.91230562202459536E-1
-0.91668753851397680E-1
-0.90872203845945840E-1
-0.91961595074747549E-1
-0.92108239845355086E-1
-0.88151160054935132E-1
-0.42615037283767532E-1
-0.41685425068845823E-1
-0.41685425068845865E-1
-0.45225169730751219E-1
-0.45177416319119347E-1
-0.46219618551803843E-1
-0.46118926080194030E-1
-0.42571277045727850E-1
-0.38438881802278342E-1
-0.39258752928223027E-1
-0.36222816429314145E-1
-0.39258752928223332E-1
-0.45177416319119958E-1
-0.42571277045727544E-1
-0.46118926080194557E-1
-0.46219618551803579E-1
-0.57991511416370080E-1
-0.56618148885549259E-1
-0.60937232944447479E-1
-0.56892714367995818E-1
-0.52700858923629419E-1
-0.53967409727493344E-1
-0.49850837160775770E-1
-0.53709118421384268E-1
-0.60557657268623423E-1
-0.57631616970646671E-1
-0.61554816370116096E-1
-0.62031138310243115E-1
-0.61165290142547388E-1
-0.62349473416120169E-1
-0.62508888125206788E-1
-0.58208048068962841E-1
-0.99028524177245912E-2
-0.88992130852081752E-2
-0.88992130852083053E-2
-0.12721488399404561E-1
-0.12669911762162929E-1
-0.13795626547128768E-1
-0.13686858937276763E-1
-0.98556046962352054E-2
-0.53951142302433351E-2
-0.62798835015277161E-2
-0.30041263211637321E-2
-0.62798835015278470E-2
-0.12669911762163366E-1
-0.98556046962346381E-2
-0.13686858937277373E-1
-0.13795626547128638E-1
-0.26520934993047269E-1
-0.25035413850247424E-1
-0.29708018335621627E-1
-0.25332383282355254E-1
-0.20799533383038846E-1
-0.22168875030947076E-1
-0.17718981628776734E-1
-0.21889604335096770E-1
-0.29297281586543274E-1
-0.26131626031268750E-1
-0.30376339492861205E-1
-0.30891825402501329E-1
-0.29954806229790805E-1
-0.31236349823175889E-1
-0.31408884110285688E-1
-0.26755177213230556E-1
0.24292595094591661E-1
0.25370825537472389E-1
0.25370825537472389E-1
0.21263650348715541E-1
0.21319086165700028E-1
0.20109049436870568E-1
0.20225972642164532E-1
0.24343357780865851E-1
0.29134122664301102E-1
0.28184088498074220E-1
0.31700861340157226E-1
0.28184088498074043E-1
0.21319086165699594E-1
0.24343357780866288E-1
0.20225972642163661E-1
0.20109049436871092E-1
0.64176403079061698E-2
0.80171303979484163E-2
0.29850241853360930E-2
0.76974019635465823E-2
0.12576289860135771E-1
0.11102718909576563E-1
0.15890335277616859E-1
0.11403268376198133E-1
0.34274813689926793E-2
0.68368464905474496E-2
0.22650414299612287E-2
0.17096673857248796E-2
0.27191664192315877E-2
0.13384640508674200E-2
0.11525633149936094E-2
0.61653992592913282E-2
0.59906941502755821E-1
0.61059477864526590E-1
0.61059477864526236E-1
0.56668233228542836E-1
0.56727521630580327E-1
0.55433278288446838E-1
0.55558348561275832E-1
0.59961206801556297E-1
0.65080601922256121E-1
0.64065704260233419E-1
0.67821820260563895E-1
0.64065704260232975E-1
0.56727521630579716E-1
0.59961206801556734E-1
0.55558348561274784E-1
0.55433278288447102E-1
0.40772940804202268E-1
0.42487117381396169E-1
0.37092912350558713E-1
0.42144494602494226E-1
0.47371043061947241E-1
0.45792852929515362E-1
0.50919139694381617E-1
0.46114767751544633E-1
0.37567358113663796E-1
0.41222242038644601E-1
0.36320815377044090E-1
0.35725190308327763E-1
0.36807819927047292E-1
0.35327058845620998E-1
0.35127664849749961E-1
0.40502578551800575E-1
0.96865273893716797E-1
0.98090891815449416E-1
0.98090891815449152E-1
0.93419954211251238E-1
0.93483041316546292E-1
0.92105735198087943E-1
0.92238844964781644E-1
0.96922985366850664E-1
0.10236514933532198
0.10128663458511157
0.10527727260129437
0.10128663458511096
0.93483041316545681E-1
0.96922985366850928E-1
0.92238844964780423E-1
0.92105735198088026E-1
0.76484712731024279E-1
0.78313056123063440E-1
0.72557994874631535E-1
0.77947652201246026E-1
0.83519625278813014E-1
0.81837606196590987E-1
0.87299631237459360E-1
0.82180733286282656E-1
0.73064365987200688E-1
0.76963984084272574E-1
0.71733867682750835E-1
0.71098040419117423E-1
0.72253701534658793E-1
0.70673005722923843E-1
0.70460128605057487E-1
0.76196300596337280E-1
0.13508243976702156
0.13637890273151104
0.13637890273151085
0.13143647928022215
0.13150325996349832
0.13004515045185031
0.13018608462084186
0.13514349342573481
0.14089803363556169
0.13975805337642835
0.14397502643252849
0.13975805337642816
0.13150325996349771
0.13514349342573526
0.13018608462084097
0.13004515045185056
0.11348382697841548
0.11542444857840299
0.10931403241374288
0.11503665147116562
0.12094756183476857
0.11916380112784657
0.12495437864620799
0.11952772374112403
0.10985189691731063
0.11399258608968829
0.10843855659375047
0.10776303486808110
0.10899079291181980
0.10731142754924237
0.10708523024728588
0.11317765088419719
0.17446344534748540
0.17582745414868695
0.17582745414868658
0.17062578472301765
0.17069609971683888
0.16916062603993076
0.16930905569539609
0.17452768723239440
0.18057947013443240
0.17938111970785769
0.18381273983998464
0.17938111970785769
0.17069609971683827
0.17452768723239501
0.16930905569539520
0.16916062603993093
0.15169238845135771
0.15374191853513450
0.14728626902947423
0.15333241316540830
0.15957119562076003
0.15768917342544628
0.16379656277223434
0.15807319142943702
0.14785479346263361
0.15222976587260564
0.14636077747250040
0.14564656966535780
0.14694457891240673
0.14516905410169234
0.14492986644559799
0.15136896685460174
0.21490393652084788
0.21633110619643253
0.21633110619643270
0.21088656388260607
0.21096019819665035
0.20935201529912909
0.20950749411014849
0.21497116156251514
0.22130022919391559
0.22004756042220511
0.22467860129079220
0.22004756042220486
0.21096019819664957
0.21497116156251556
0.20950749411014760
0.20935201529912889
0.19102384519829996
0.19317734742801188
0.18639148845113729
0.19274713245474284
0.19929790614671355
0.19732256306532414
0.20373026277376491
0.19772567883987915
0.18698941155299065
0.19158856160248369
0.18541800873056186
0.18466665782620151
0.18603209999213230
0.18416425509422987
0.18391258536074509
0.19068394293406349
0.25629075367438059
0.25777562203311372
0.25777562203311338
0.25210869577943201
0.25218537866312429
0.25051035969180796
0.25067232351982077
0.25636070603097755
0.26294233642281450
0.26164034111516404
0.26645211031982480
0.26164034111516404
0.25218537866312324
0.25636070603097799
0.25067232351982038
0.25051035969180818
0.23138309501163026
0.23363401474803164
0.22653805259021353
0.23318441247377777
0.24002635341725073
0.23796412359752273
0.24465078159914297
0.23838503490177571
0.22716366743462255
0.23197344713483375
0.22551933684403566
0.22473294416019457
0.22616198570665150
0.22420704822257112
0.22394359133976413
0.23102773192526141
0.29850254916952407
0.30003861978929491
0.30003861978929491
0.29417376752574004
0.29425317414562580
0.29251837573092682
0.29268614581128416
0.29857492418027398
0.30537984720103495
0.30403440940619597
0.30900493739290846
0.30403440940619580
0.29425317414562463
0.29857492418027481
0.29268614581128294
0.29251837573092687
0.27266659014685773
0.27500674327893260
0.26762592345257324
0.27453940136270388
0.28164674501262538
0.27950554884959433
0.28644500714237525
0.27994264984862066
0.26827706993064843
0.27328044723328354
0.26656546163677985
0.26574669790647404
0.26723447045302329
0.26519908343330661
0.26492472502180398
0.27229704344673861
0.34141045389087915
0.34299027488607337
0.34299027488607331
0.33695564110036380
0.33703739603226962
0.33525098406897286
0.33542377399873230
0.34148490171099549
0.34847967446803657
0.34709749099063203
0.35220183748067374
0.34709749099063131
0.33703739603226884
0.34148490171099571
0.33542377399873186
0.33525098406897313
0.31476244396136144
0.31718205210512135
0.30954667363347593
0.31669893593082099
0.32404112612352648
0.32183031793722933
0.32899180579188098
0.32228170935772071
0.31022074305765251
0.31539725626886722
0.30844868722953073
0.30760078875950631
0.30914139672131768
0.30703360905096605
0.30674942453091064
0.31438024334696674
0.38487877752817184
0.38649405558880556
0.38649405558880512
0.38032105395382343
0.38040473650503814
0.37857587195809106
0.37875279854882116
0.38495490842736863
0.39210244606778355
0.39069091646396026
0.39590158892817645
0.39069091646396026
0.38040473650503687
0.38495490842736918
0.37875279854882060
0.37857587195809145
0.35755054641062778
0.36003832299619332
0.35218349471306482
0.35954169782472045
0.36708369358496723
0.36481396122224025
0.37216244542497495
0.36527747029006491
0.35287744804640259
0.35820336699882621
0.35105290838798042
0.35017965631897807
0.35176621533082830
0.34959542998776338
0.34930267807334558
0.35715746122797365
0.42876572614445996
0.43040747346584185
0.43040747346584135
0.42413024217222867
0.42421539345601056
0.42235407972751726
0.42253417758925416
0.42884311736284819
0.43610336663332433
0.43467045560154649
0.43995792799316213
0.43467045560154577
0.42421539345600950
0.42884311736284908
0.42253417758925349
0.42235407972751760
0.40090269818605639
0.40344598813873517
0.39541121677558655
0.40293839054459141
0.41064113603734309
0.40832435133797973
0.41582104517073787
0.40879756175190990
0.39612161758249748
0.40157021874629617
0.39425360613278310
0.39335928730029956
0.39498399611372159
0.39276087267931004
0.39246098273339297
0.40050071613665617

